81111111-8111111111111. 511

811111 (8111)] 155,169, 171,174, 183,
181, 193, 191, 196) 1227, 218) 1230,
248 (1111131111) 219, 250, 2631 1232,
287) 1233, 300) 1235, 332) 1238, 368,
38011241405.

83111111, 11111191111111111.) 1. 1212,10;
1227, 224) 1232, 290, 292.

81111111111 1218, 102.

81111111, 8111111 1231, 269.

8111111111, 91. 8111111 (8111111111,
8111111.) (parrochia) 1230, 253. -
11111111 9111111 1218, 525.

8111111113, 81111111 1911111111 1. 1201, 22,
28111111 1. 1. 21111111. - 1111111111.
12251, 198, 21111111 Π, 2811111111,
311111111811111. - 23111311 Π. 1211,
406.

81111111 (8111111111) (1229), 240.
8131111, 91. 2111111111 1209, 421 1213,
51111111 1188311111 1111 1111113.

8111111111 1. 81310111.

8111111111 111 8111111111 um 8111111111
berg 1230, 251) (1250), 569.

8111111111 (91. 2111111112) (81111113111)
1231, 277.

81111111, 91. 2311111111 1223, 160.

81111113, 1111111111 1. 1218, 525.

81111111, 91. 1111311111 (sorbeke) 1219,
105. 1. 8. 1. 8111311111, 8111111111.

8111 1. 8311111.

811111, 8111 11111111) 1. 1237, 364 21311
111 9111111 911111) 1215, 462.

Soagen 1. 8111111111 Scalde 1. 81113111
8111111311 1. 8113001111) 8111113111
1. 8111111111.

83111111 (8111111111 hei 3111111111εηῖ)

· 1234, 314.

811111111111, 9111111 1231, 269, 2131
1131288) 1231, 322) 124143111242,
423 i 1213, 4381 1241, 482 i 1253, 572,
9111111, 1111111111, 28111111 1. 811111.

811111, 1111111111 1229, 244.

8311111111 (Scaghenburg) 011 &uer 1209,
35.

Scatlaghe 1250, 587.

8111111. 811111.

8111113111, 2111111111. 1211, 406.

8111111111 1118111111111 1. 8111111111.

81111111,(91.8111111111)(811311),81111ε
111111221209. - &numm 1235,
333 5 1241, 391) 1242, 419, 4111 1241,

81111111] 149) 1218, 4771 1217, 498, 504
11111311 1. 81111, 505.
81ἓ31ἑ1, 9111111111111 (Scalde) 1218,

8111111, 811111 1. 1231, 322- 1111111111
(813111) 1250, 517.

8111111311, 91. 8111111111 (8111111111)
12115011 1213, 575.

8111311111, (1111 211111 ΙΠ. 1221, 137.
- 211111 IV. 1231, 269. 81111131111111.

&baumburg (Scowenborg), 2311111111 1.
1241, 406 (11111 813111111111).

8111111, 91, 9131111111 (811111), 2111
Ν. Ν. 1217, 84, 85. -— 11111111 81111111,
111131 2111111111, 81111111 2111111,
9111111 8111111 1219, 107.

8111111 (Luscus, 81111), Winemarus 1235,
334. - 9311111 1240, 391.

8111111 (pincerna), (31111111, 311 111111,
1111111111 1. 831111 1204, 241 12091,
38 1111, 3111111111. - 211111. 1911111111
1111, 2111111111, 8311111111, 1111111111.

81111111, 1111111111] 1222, 128.

8111111111, 8111111111 111 2311111111
(Skipvelt) (1201), 3, 4,· 1211, 410.
111111. 8111111111.

811111111181111111) 1. 211111.

8111111111, 91, 91. 8111111111, 21111.
1250, 591.

8111111111 (81111111) 111 281111111ῐὶ1
1213, 56. 21111181111111111.

811111111111831111138111113111)
1213, 399) 1241, 433.

8111111111, 91. 2811111111 (8111-
brugge) 1201, 3, 4) 1221, 180. -
Heyko, 2111111 1113.

811111111111, 91. 8111111111 (81111111)
(11111111) 1213, 429.

811111131111 1. 1. 81111111.

8111111111, 81111111 1111111111) 1. 1248, 519.

8111131111, 21111131 2811111111 1. 1208-
1211, 34, 45, 47) 1212, 50.

81111111(811111318111311111111111

’ (91. 3111111111) 1251587.

8111111111, 91. 2111111 (81111111) 1213,
436.

81111111, 211111 31811111) (81111) 1237, 357.

81111111 1. 1. 81111111.

8111111111, 91. 2111111111 (juxta 81111111)
1248, 523, 524.

8111111119, 11311111 1. 1237, 363.

 

