421

,lohannes 1111111, Laurentino 1, &aba
1212111111,

,1111111111 (do 1111111421) 1237,1161.

,1151111111 camerarius (1. 1211111112) 1237,
nm.

,1111111111 1. 1. 2111112111 [1211112112
1111111.

1111111111111011111 (111111111411111114111111
solimanni) 1222, 165.

,1114111114 1220, 211.

(1111111 1. (21111111.

111414 1. 111111.

1111111111, 11111111111124111111211 (1211111
1. 111111) 1241, 511.

’,1111111111 (11111111), 01111 11111101 1. 1225,
111 ; 1221, 2111, 201 , † 1212, 109, 1242,
4112, 12411411. - 2211111111 1., 2111111
1111111411 1221, 1111121131), 1242,
411, 1211, 111. - 11111111. 191111.
8111, 2111111111 1111122111, 1112111111
2111111111.-111111111111121111111,

1111111111, 1111111111 1111111, 1. 1248, 519,
1124.

’,1111111101 1111 1111111111(1111111111) 1201, 5,

2 (11111, 101, 1211, 111.

1111111111111111111111111ῦ41111ι111.ὓ1111111.

1111111111111111 1. 2111111111,

1111111111 1241411,

1111111111, 81. 2111111111 (1111111111, 1111111
91111111 1141, 410.

munchusen ((1111111111111111 1224185.

1111111. 1111111111 1241, 411

· 1111141, 11111 1111111111 1. 1241, 529, 524.

sax-eni& 21111111· 1234, 322,

K. 11111. (¹.

111111111111, 11111 Quom, 12111108.

xm. 11111111, ’,11111111 1111 111 211111
11111111111111 1214, 101.

1111111111 1291. 141.

2111111111 111 111111 1213114.

11111111. 11111. 11111111. 1114111 (mde-
1111 (12101, 116, 111, 12291119, 1223.
m: 1231, 214, 215, 2ῖ1.

stamen, 21. §Notum (11111111 1241482.

§nmen (0111111111, N. ’.1. 1.. 1111111111·
1241. 44111.

11111111 1, 21111111111111.

9111111111. 1111111111111111. 1232, m
291.

,lobna-num

Katingeu, Redinehen 1. Simmiam.

Kats, ξκίητίώ n. 1213, 95.

2121111111, numu 1. 1225,144, 1231,
211, 1235, 333, 1237, 351, 1238, 312,
1242, 419, 1244, 449, 1248, 536

1111111111111111.

Kerspe 1. 91111111.

11111211οῳ41, 11111111. 1246, 414.

2111111113111111112 1225-1227, 198, 2114,
223, 1230, 253, 255, 256, 261, 1231,
269, 1234-1231, 322, 332, 351, 1211,
3191. 2241112 1111111111. - 91191111
1241, 416, 1211, 491, 506, 12111531,
1250, 514. -

1411111111, 2112111111 1246, 489.

8111111111, 1112121εηῦ191 (Redinchem,
Ketingen, Katingen) (1231), 210, 1241,
442.

9101111111, 1111111111 n. 1243, 431.

1421111111, 2111111112 1. 1221, 131.

141111 (Puer), (21111111 (1204, 222), 1211,
48, 1213, 93, 1219, 114, 116-118,
1223, 153, 154, 169, 1224, 183, 1230,

9111111111, 1122111111 (Κ1111ο1111)1222,
150 parrochia 2111111111.

8111111181. 11111111 (Kerspe) 1243, 432.

21111111ὓ211112111 811118111111114

1111111, &t 11111111 (calwe, Kelvere,
Rilvem) 1290, 248, 249, 954.

mmet, 0111121 n. (1211112 gum
311111 1. want. - 31111111 1233, w.

91111111 1. 91111111.

9111111111121111111.

111411 (arbe bu' 6211111111, Ωι neam

ἙἛΜωῳωωοι-ιωω,
1 ,·.

9151111111, 91111. 911111, 21. &m
(Olovelinsstbom (111141 &aa 1
1211, 49. - &abana 1). 1222. 232,
1235, 334.

111111111λὲ1111 1. 1225, 194.

ι 9111111,ῑωῦ1111314121111241,5114,511

9111111, 5111111114 1233108

’ 9111111, (Confluentis) 1248, 591

ῑ stannum. 41. menna„ (1111111111

, 111111.1217,96,1111113ὰ

÷ 1111 1. &aa

1 mun, 8111 unt 111111 m. 21; 1111.
269, 1233,3119;1241,400,1241,441;

1 1248, 523.

 

