512 8501510500-810111.

5511510511( (8111),(1110015 5. (1233),
298- 20181010 5. 1237, 365.

8150111011(21011510501115010)(81101121),
motget) 8110115111, 21150110. (homines
omnino astricti) 1228, 223. - gabaam 0.
(2111511101) 1218, 536.

5150501111) (91. 2181100110) (Scala,

Scclt. Schcltbrcke), 80001) 0. 1227,
233) 1238, 351. - 51115111 1234, 322,
(8111101311) 1235, 332 , 1236, 351.

Schola, 51101115 1231, 273.

8010015111, 5111011515. (fcta 0101 111 9001
angen = 881051 51011010) 1217, 86,
1219, 105- 0101111110 105. -8101110
1211, 482.

, 5500105111, 50115111 9011100 5. 1240,

397, 1248, 483.

8500151011 (8001111111), &echan
1211, 111. - 1111112111.
555551001181. 2100118 (Scopegen) (par-
rochia) 1230, 256, area Tinge.

2501111111 (8111111111), 0111111110 0.
1110, 394.

5501105011511515100(81111151111221,
1421.

Θῷ51101),81. 2110151101 (parrochia) 1213,
55) (8000010111) 1246, 478. - 5211110110
0110 21101111 1209, 42) 111Ῐο1111 61015
(15011 1248, 478.

(5150501), 5111110111 5. 1248, 525.

5510110510, 8501211510ῐο 1227, 229.

5510111510, 5011511111 801511110ιο
21001) 1227, 229. aaa. 8100015010.

15150101, 21. 35010 (81131) 1234, 314.

51510101, 50115111 5. 1248, 515, 516.

2111101101, 0155151 (8111111) 1213, 432.

5111101111, (5111111 5. 1231, 268.

Scipvelt Ῐ. &chinheim

8011110 i. Sliclo.

8005510011). &nubtura

Sconenbeke ). &ajuncbeth

Sconemore‚ 28111000 0. 1209, 37.

Sccneweddcr ). &chocemebct

Scopegen ). 5555510010.

8101110012, 80011111). ). &cumburc

Serape, 21111010 1220, 124, 1233, 301
0505511 ). &rua

Screihase ). 85110105.

80100111 (0. 21011113), 51101115) 1249,
552.

8001010111 1. 8105501).

21110110, 211011 850 0. 1228, 213.
&etita 91.21111105110(811ς1101) 1249,
9150515010 1. 8811051511, &a 30501111.
Segeste ). &etita

8151100001) (81. 211191), 01115010 0. 1223,
, 171. - 3050011 1225,193,1233-1238,
QQQQQQQ
314) 1210-1211, 380, 408, 420, 428,
437, 438, 4481 1248, 479, 4811 1247,
500, 513) 1250, 571. - &afeca 1230,
280) 1211, 290, 001) 1211, 314. -

, 211101. 8800511111, 2101115111.

seynae, 8111111218, 525.

&cibariis 81. {caccabata (Sclchcrat)
1211, 157.

21150111, Nithungus 0. 1221, 136. -
515111 5. 1234, 315.

811115111001111 5. 1241, 406.

8101101111, 2111150( 51105010 (0. 0. 21001)
01222149.

Semelincthcrpc Ῑ. (51111105.

(5100111, 2111100011 5. (1218), 71. - Dan.
gloriani 1240, 394.

5111111115,81.211111115010 (81111110) 1249,
557,(10111 Wcringca dicti (11111111.

2101115,91.5)5010(8111111000111) 1227,
232, 51111110, 5101055501.

51111105251150105.1219,115;1228,193.

Scwerdinchcf 1247, 506.

8111111, 2811511111 1227, 231.

8111111111 1223, 160.

Sygcltra cometia 00) 0101 5501111101 1238,

Silva (5. 0. 280101), 51111115 5. 1221, 136.

8111110110 ἱ. &chorii

811101111151101115 0. 1243, 434.

Simelincthcrpc Ῑ. &catuna

symon sacerdos 1201, 8.

symon Boniiacii 111. 1218, 95.

symon 8110111 iil. 1218, 95.

symon dominus 1223, 165.

Θ)11(111)(811111111), 01115010 0. 1248, 519.

Sirsbruge, 5111110011 5. 120118.

81511, 91. 2115105150 (1231), 270, 1234,
312, 1243, 442.

(511111, 0111115111 5. 1248, 536.

Skiplage 1. 8111151001. 81101110 f. &fiii
51101.

8101111, 8101111, (5151110. (1105810115111)
1211, 431. - 01111511 1111, 481

 

