470 illisit 1.-1111117.

9111111 1., 81111111 (9111. 2111111111)
1224, 187) 1227, 231) 1218, 519.

Alheidis area 1230, 251.

1111111111, 1131111111 1243, 133. 131111.
11111111 1111 1111111121.

Allendorp 1. 21111111.

Aine 1203,18.

Alpes (1220), 123.

91111111, 91. 2111111111 1222114.

1111111111, 91. 21111112 (11111111) 1210,
101.

11111111 (2121111111) 1243132.

1111111, (1111111 31111111 1. 1235, 333.

8111111, (3111111 1118111111111, 111111,
fflenbetg. 81111111, inuri.

8111111, 211111111111 1. (2311111112),
1111111, 21111111, 811111, (iunctim mit
25111111 1213, 132.

2111111111, 91. 2111111 (0111111111)
1221, 211, 205,

1111111111 1. 1. 11111111.

Alwardus 1233, 303.

1111111111 dapifer 1. 8111111.

Amelungus miles, villicus 1230, 267.

Amelungus 1231, 315.

1111111111, stt. 11111111 1250, 581.

11111111 miles 1229, 213) 1231, 268)
Eggehardus 1211 11111121 1291, 268)
(123431511811111111111(1211215111).

111111 (1112111111) 1. 12.) 1211111111 1.
1226, 201) 1233, 288) 1210, 389.

81111111 (1201-1213), 9, 296, 297, 306,
112.

Anchem, 1111111111. finium.

11111111, 912111εηῦ11111 (Anrepe) 1217,
501.

Andreas, notarius, capellanus 1. wien:
burg.

11111211111111 Β11111111111211,106.

1111111111111111111191111111111111111111.

1111111111.

ingara, 13111111, 9111111, 18111111 1. 1211,
- - 1111111111.(θ11151.111“11111).

Angelbeke (1111111111), 91. 1111111111
1222, 111. - (311111 gu (11111111)
1. 11111112) 1211, 117.

111111191111111111111(11112111111211)
(ecclesia) 1221, 132) (parrochia) 1221,
116,1911)(111111221211112111211)
1231, 313) 1211112.

1111111. 8111111.

1111111111 1223160) 1227, 226.

melmun miles 1210, 335.

Anser, (1111111111211111111111 1218, 525.

Antiquae 1. 21111.

Antonius (1200), 1.

Antonius 1211,18.

1111111111111, 81111111111111111) 1. 1213,
132.

111111, 611111111811111, 8111111111. 1231,
316) 311111 1211519.

Aqua pendens 1211, 151.

1111111111, 1311111111 1811111111 1. 1232,
290, 292.

Aquisgranum 1. Men.

811121, 1111111111 81111111 1. 1211197
(1111161111111111 de Skildece).

911111111191811511111(1111111111223),
173) 1224, 182.

Aries 1. 11111111.

1111111113111111 1. (1233), 298.

9111111111, 1111111 1. 1233, 308. -
91111111 1219, 519, 21111111, 21111151.
Quinc.

1111111111 1233, 303.

1111111, 1311δί11111ηῴ 1231, 317.

11111111, 2311111ᾱῴ1111 1311ῷ111 (ingelhem
1. 1111151111, 51111111. 21111111 11111.

21111111 1237, 361, 365. - 81. 9111111
1. 121111111111111. ,

91111111, dominium 1237, 361.

1111111111, 91111 8111111111 Π. 1206, 27)
1222-1224, 116, 160, 191) 1221, 216)
1231, 268, 287) † 1237, 358) 111111
1. grau) (3111111111 ΙΠ. 1. &obn 226,
358. - (311111111Π1 226 358, 361,
365) 1215162) 1211, 183) 1211, 523,
521. 21111. 91111111, 811111. -
Gozwinus, scriptor 111 12111111.

1111112111 (ibelim. gen. bez &cimam
(Niger) 1111111111) 1222, 116, 21111111 1.
21111111,21121111191111111111 1. &dimi
11111, &maoth 1. 11111) 1227, 228)
1237, 361, 365) 1250, 570.

91111111, 21111 111111 1237, 361, 365.

21111111, 81111111, 11811111111111111,
&imbrum

8115111, 9111111, stt. 21111111, &rithmi
1311111 1. 1227, 226.

111111, 1311111111 1., 8111111 1226, 237,
&tantu 1. 13111111.

 

