IX

111111111111111 1111111111111111111111111111111 11111111 111 111111
111 1111111111 1111 11111111111111111111111111 1111111111111111111 (79,
251, 330, 356, 369, 417, 447, 472, 481); 1111111111111111111 111 1111111111
(11111111 1237 (11111. 316) 1111111111111 11111111 111 je 11111111111111111111
111 11111111 111 1111111111 1111111111 111111. 111 11111 ente 111 1111 11Β
11111111 11111111 1111111 1111 1111111111 11111111, 111111 111 11111111
11111111111111111111111111111111 1111111, 111111 1111 1111111111 1111111.
111111 111 11111111 111 11111111, 111111 111 111111113111111161111
111 1111 11111 111 &tite 11111 111111 111111111111111 1111111111, 111 11 111
11 111 11111111 111 1111111111 (11. sustentem 342) 11111111111111129)
11111111

11111111111111111111111111111 1111111 1111 sustine 111 1111111111
11 111 1111111111 111 111111111111111111111 111 11111111111111111111,
111 111 1111 111111111111111111111111111, 11111111. 1111311111 1240 (1111
1111111111. 399) 111111111111111 1249 (557).

111111 111111 1111111111111111111111111111111 1111111111 1111 1111111
111 1111111111ῠῇ11 111111111111111111111 1111111111), 1111111111, 111111, 1111111
1111 (1111111). 111 1111111111111111 1111111111 1111111111, 111 1113111111 111 are
retinentes 11111111, 111 1111 11111 11111111111111111111111111111111111111
111111 11, 111 111111111111111111111111 11111111 111 1111111111 111
&then 1111111111 111111 (271 fratres Weseelns, Leo, Frederiens, 273 ordinis pre
dicatorum, 333, 401). 1111111111 111111 11111 1111 11111111 11 11111311 11
1111111 1111111 11111111111111111111111111. 1111 11111 111 11111111
1250 11111 111111 1111111111 11111111111111 111 1111111111 (593).

111 11111111111111111111 11111 1111111111, 1111111111111111111, 111 nimiminu-
111111 1111 111111 111111203111111111110111,1111111111111111111 111 111 ¹⁶⁰⁸·
1111111111 111 11111 (16, 21), 1111 11 1111 1111 1111111 1111111111 1111111
111111, 111 111 1111111111111111111111111 (66, 255, 347). 31 111111111 111111
1111111 11111111111111111111 11111 111 111111111111111111111 (123) 1111111
1111 111 1111111111 111 11111111 111111111111111 1111111111 111111. 111 11
111111 11111, 111111111111111111111111. 1. 311, 379). 111 1111111 3111
111 1111111111 1111111111 111 111111 111 1111111111 11111111111111111111111
1111111111, 11111111 111 &ut 1111113621 Institutio vero advocati per episcopum
fiet de enno in annum, its tamen, quod ministerialem sive militem sive
burgensem sive servientem instituet.¹) 2111) 11111111181111111111 non

111. 434 1111111 11111 1111111111 1111 11111111 (1111111111 faber filius Rotgeri
militis.

11111 111 111111111111111111 1111111111111111111 111 111111111111111 ense
111111 111 111 1111111111, 11 1111111111111111111 1111 11111111101111111111

ὁ ¹) 111111. 111 111. 414 burgenses, 11111111 Gerherdus Institor 111 ministeriales
98είςῇῗξῒιῧῠτ 111 1111111111 11111111111111 111 111111.1111111111111 1111111111
11111 111 1111111 - 11111111111111111 in 11111 1111111 - 111111111111111 1. 11·
111 11111 1111 11111111 &titre 111 111111 1111111 11111111 111. 68 1111111111 111

 

