811109-610101011. 513

810100 (1011101), 11001115 1231, 271.

1211001011(001000000100),ξ101000 01203,
16, 1201, 22. ’- 0001101 1. 0110001 16,
22, 1209, 29, 1001101 1215, 61 , 1216,
69 , 1218, 93, 1001101 101, (1220) 10οε
1101 121,128, 1221-1225 5101101134,
1001101 144, 6101101 168169, 1001101
111, 114, 115, 185, 0101001196. -
0111001 1. 0110001 22, 29, 1200, 38. -
1111100011 1243, 435, 1244, 446, 1250,
571. 010111. 11011010.

Sletbrugke 1. 5111ῐο0100100.

811010 (8011010), 50101000 0. 1211, 48,
1225, 196, 1221, 218, 1230, 251, 1231,
324, 326. - 10010οτ 196, 1233, 299.

811010 1. 1511110110.

8100, 800101 0. (1183), 23. - 1100000 0.
(1211111.

8101110101. 0101001101οη.

810101. &9666

sluttere (15100110), 10011010 0. 1243, 443.

8011100101, 01111)οϊ0 0. 1244, 452.

Suellenberg 1. 1130100010οετο

8001010010180010.) 1. 0100000101οη 001
01110100.

Snipel, 5111111111 1231, 269.

80100011, 1111001110 1211, 48, 1218, 93,
1219, 110, 1221, 111, 1225-1228, 196,
211, 218, 234, 1231, 269, 271, 1233,
299, 301, 1231-1238, 345, 351, 362,
312- 00011011 1215, 61, 1224, 116.

8011180101οι0) 1248, 524, 1219, 543. -
010100111011011111221,135. - 1110011
0. 01. 1101101100 1801111110 (12331298.
11011100 0. 11110011, 1212, 422, 1218,
524. -- ,801110011111011111211011010000
1010111011οτ 0. 0000100100 1213, 424.

150011, 15010110 10031110 0., 11010111110101
1010 1. 001101 1248, 524. - 0110010 0.,
10011110 0. 1237, 364, 365.

001101 (8000100), 1111101111 10110010 0.
1211, 444.

8011000011 1. 0011011100.

80100110 1. 60010011.

1500001110, 01101 &mon 0. 1248, 523,
521.

15001010, 00110011018000100 (8001000100)
1218, 102,1225, 194.

5011111011, 01001000001011 (800001000010)
(1201), 3, 1235, 321.

8000010101. 5010001.

01111001, otu. 0011805 11.

Spelunca, domus Gerhardi de (1111109)
(12111550.

Spenikenberg (1231), 277.

&megel (Speculum), 1111111000 (1233), 298.

51011110οτ11 (8001010010), 131101 010101
0010 0. 1230, 252.

8111011011 1. Sniphart.

00100010 (501000, 0001 0101010), 110100το
(0. 801100101010) 1205, 25, 29, 1223,
169, 1221, 211, 1221, 218, 1231, 269,
211, 1231, 311, 1235, 333, 1231, 351,
1238, 312, 1210, 391, 1242, 418, 419, ,
421, 1246, 477, 1217, 494-110111000
0011101111 1. 0110001 1231, 271, 285, 1234,
318, 1235, 333, 1238, 312, 1212, 418,
419 , 1216, 177, 1219, 559. -11110010,
1111οο105 &obn 1242, 118, 419, 421.

001111, 2101110111 1226, 211, 1231, 269,
211 , 1235, 333 , 1231, 351, 1238, 812,
1240, 391, 1212, 418, 419, 421, 1246,
411, 1211, 493.

&tubes 9101101 01. 010011, 1110111110,οη
001. 151. 0011101100 1231, 283.

810000, 0001001111 (0011101) 0. 1222150,
1225196, 1221,232,1230,250; 1233,
311 181110 1. 2010111, 1231, 314 , 1235,
328, (124241501- 101110 0., 00111110
(20011011), 15010010 000 0001101 1010
(51100 1250, 580.

8100101110 1. 5100000000.

8100110001, 1100000, 1300001. 2301101
1210, 389, 1213, 138.

Starkerode 011 0010101510011226,217.

5100101,οτ 1232, 296, 1233, 308, 1237,
357.

1511101010, 01011 0101010 1221, 132, 1111101101
Vrowinus 0. 1248, 532.

5101111011 (8011111101011), 8010001100
0001100000 1244, 453, 1245, 410, 1217,
497, 506, 1248, 525. - 0100011, 01011101
00111011 470, 497, 506, 525. - 01111001
11001110, 0. 0101111001, 1100000 0. 210000
471).

1510101011, 1100111011 200011 I. 0. 1206, 27,
1209, 41, 1225, 198 0111 001000001οη
0011000, 1226, 211, 1227, 226. -
000011 11. 1231, 269, 279, 1236, 351,
1211, 106 8000111. 911110, 1238, 310,
1244, 145, 1216, 478, 483, 1217, 504,
512, 1248, 539 01011100 1. 0100, 1219,
545.

66

 

