ungu-Fuso. 481

[1661661661661236358. 111161. Angara.

(16616116, 96616 366666 o. 1203, 33.

6116111, 3161616610τῖ (Fnketer marck)
1229, 241 parrochiani. - 1111111111 burs:
6616 1233, 361.

Ι6601611161) (parrochia) 1241, 404. -
11161111 20166116 1227,226. - 0111161116.
(8616111612) 1215, 61.

(boc, 0161111661116 (1216), 66) 1223,
116) 1235, 326. 111161. 6111616611.
(666616666166111666616616166) (1223),

113.

Ε161166116,Β1666 de 1237, 360.

01111616 1211, 406.

Ernestus 1223, 160.

Erpingen ). 016111.

616111, or. 36616 (Frpingen) 1249, 651. -
0111611 b. (1220), 120.

Frpestorpe, N. N., 66611 616 &oborn 6.
1211, 406.

Erph 1213, 434.

16661111(Ετ1616), 3111601) 6. 1237, 364, 365.

1161616 (0111112), 66111116 6. 1237, 361.

61661661661666616 6161116166111111616
611666666666661233601)1216513.

61116 6. 6. 01, &tib (Annine) 2166111
121, 519.

01116, 01. 2111111661 1221 (ccclesia) 190)
1211, 441. - 2116111106661166166662)
1211, 411) 2111611 111, 2661111.

(11116, 1661161116, 6611661661111111611
(1236, 2602)) 1231, 232) 1236-1213,
mmmmfflwmffl
425, 131, 436, 444, 451. (3166111661Ι
1231, 1235-1240, 1243-1244.

661661, or. 6161166616, 611 2111116616
(Esohelage) 1234, 314,

6111661616, or. 6661611166 (Η6616111616)
1223165.

(1111616111, Fr. 0166111 1250, 512.

Evenho, 61116616 (1200), 1.

Everhardus rector (616616611τῖ, bon
6611666616 2) 1203,16.

Everhardus burgravius (6011 2161166616)
1221, 143.

0161661166, Μ66111111116). &tou 1231, 315.

06116116 (16. 6611361116), 31. ῦ666611111
(1223), 111.

Frena, 61611 616 0161611611 † 1201, 22.

66161661, stt. 1111111661 fflelstede) 1223,
111.

66111661, 0160111666 11.

1⁴¹. 61161. V.

Faber). Northwich u. oenone.. 21666111.

Faber, 6116161111, Donabo 11111611 1243-
1266, 513, 611, 533. ’

Faile, 36661111 1233, 306.

66111111), 6611111, 611 0666116111 (Vore-
werc) 1217, 86.

1616111, 01. 2066166166(36166166611616)
1236, 516.

61166116 611 01111, 312611616611111 1226,
226 5 1231, 211) 1236358) 1216, 419. -
66111616 666 6116161111, 1111161161227,
226.

Ferentino, 3601616116, ς1116161616166
611 buria 1213, 628.

genoso, 1116. 211166) 61611166 6. 1216,
484.

6166611166661111, uno 61616 (Lohus)
(1231), 210) 1213, 516.

6161161111, 0116) 1111116116 6. 1227, 223. -
(61661166661166 6. 1226, 213.

3116661111, 3111111161211161166 b. 1213, 96.

16116111601161111666),361161)6.1236361.

Floribus Ortus (2611661666, 211161116661),
2161 butu 1226, 208.

Floribus subdiaconus (111 (6161661) 2) 1237,
361.

Flotowe, comes de, 13166111361161116166.

Foro, Hebnicus de, 11311661. 21111611
1211, 141. 211161. 1166666111, 6061116111.

ζ(1166116116. 211. 1232, 291, 296) 1231,
mm

6116166666111611.2661616616261116116,
01166111 1227, 230.

ζ(1111116666, Fauno 6. 1237, 360. -
06616111 b. 1250, 681.

3611113661), un. 2116161116 (Vrelestorpe)
1226165.

2111110661) (Vrethesdorpe), 1111616611 6.
1216100.

1116166616, 91.21)616661)(111666661611)
1226, 211) 1233, 310.

6111161111) (Frethericus sacerdos) 1201, 8.

Fredericns‚ 61116161τωῦ66 1231, 211.

Fredericus fil. Frederici 1223, 160.

Fretharious liber 1229, 244.

6111316116 (Frisia) 1211, 48) 1226, 211
Frisones3 1238, 310) 1216461.

Friso, 011661) 1221, 141. - Thotbardus
1213, 413) 1236, 531. - 36166166
servus 1213, 443.

 

