lagenas-mundus. 435

Magenus, 21111). 2111111111 1221, 139.
Magnus, Albertus (2311113113) 1214,
2111111151, stt. 2511 (1111313113) 1223, 168.
2111111235, 341.

211111, 2115111511 2111111152. 5. 1205,
26, 1211, 60. - 1211111115ΠΙ.1237,
363, 7214, 450.

211111, 2111111111 (1311111111 2115111111
1211111111) 1227, 222.

211111, 21. 2111511, 215111121111111)
1227, 222.

2111511111, 111. 2311511111 (1223), 173.

2111111111, 2111111 (1200), 1, 1213, 66,
1223, 174, 173, 1230, 233, 1235, 323,
1233, 343, 331, 1237, 337, 1250,

2111111111, 21111121511 1221, 133,
1223, 174,173.- 3113111 1235, 323. -
mamm-ffim3
96. - procurator 1111111113 33331103
1237, 357. - 11111111 25111115 1237,

Helenen (21111111) 1237, 354.

2111511211, (5131111311), 2311531113 5.
(1133), 23.

211111, 3111151115. (7220),121, 1223,
174, 1224, 173, 1225, 133, 1227, 224
(1. 511111111111111 (2511111121).

2111111111,3111111121111111, 31115111.
1217, 494. - 2111011113 5. 1213, 549,

1250, 337. .
Harcwardingthorpe 1. 2113115111.
2111115111, 3111111 1. 3511111.
2111115111, 31, 111. 1111111151, 211111 21.

1223, 131.

21111111115, 3111111, 111. 2311115111
(1136115111) 1201 ff, 3, 4, 27, 56,
33-70, 103-113, 121, 121,124,134,
133-133, 1421, 3, 143, 143, 133137,
133, 130, 133, 203, 213, 233, 233, 302,
303, 315, 323, 327, 334, 346, 373, 384,
Qmwmmffimm
483, 517, 545, 570, 576.

2111111115, 2513111111 1201, 3, 4. -
21115111 1213, 56. - 21511113 7213,
107,108. - 2211111113 1221, 1361421,
1222, 143, 1223133, 1224, 130, 1225,
138. - 2115111 1233, 302, 1235, 334,
1233, 373, 1243437, 1243, 343, 1250,
570.

21111111115, 21101 7111131613 (1201), 4. -
1211111115 1212, 1081- 2111111233,
302,1231,323, 1236, 346. - 215011
1211, 410. - 21111111 1213-1250, 517,
545, 570. - (21111111 21111111 1233,
302.

21111111115, 11111111 1115111 1213, 56. -
2115111 1233, 302. - 2111111233,
373. - 2111115, 1211, 410, 1213, 424.
- 2111111115 1214, 448. - 31111111
1250, 570.

2111111115, 611111 6111111115 1233, 302.

2111111115, 3111111 3111111115 1233, 302. -
2211111 1213, 424.

21111111115,3111111111315111 1213, 108. “

- 211115 1211, 410.
21111111115, 21511111 81115 1233, 302.
2111111115, 21151111111111 22115115 1233,
2111111115, 3111313111133311111511213,
517.
21111111115,11111111131113(11111111151233302.
2111111115, 2151111, 1251111115 1213107,
1243, 433- 2111111 1213107, 1224,
180 , 1238, 373. -111111135 (cappellanus,
sacerdos) 1213, 114, 116, 117, 1223,
153, 154,1224, 180. - 11111111, 1221,
130, 1233, 373, 1241, 410, 1245, 430,
1243, 439. - 815111 1233, 373. -
1111115 1241, 410, 1211111115 1213, 424.
211111111115,21111511511(11111131)31111115
1244, 448, 11111115), 21115111 1215, 460,
(31111115 7213, 483, 311111131243,
517.
2111111115, 2111 21111115 1213, 56.

2111111111, 11111111, stt. 2111111151 1. 31.
(1233), 151, 2. 211111, 71. 1115111111.

2111111111115, 215111, 3111115 1217, 81.

Mariua, 11112511131111151, N. N. 1241,
107.

21111, 1111111111 1243, 432.

21111 (2111111), (11111 25111 Ι. n. 1221187,
1223 611111 2111111513, 1211111 511 (111111
2111111115 121111111231, 1237, 360,
1240, 334, 1243, 432, 1243433123,
323, 524. - 3111 (1111151111. 1250,
577. 211111111211111. .

2113115111, stt. 211111 (Harundine-
thome, 11311131.) 1230, 255.

marquardus civis 11 1211511ιῦ131 1213,

 

