5115055010-Ηο1150500. 487

5115031010, 51. 505050151, 1151 15011011
1219,109.

1111503101οι, 51. 2115100113, 1151 (1216), 73.

5115035050, 50101111), 1311011οτ 5. 1234,
312, 313.

5115001050 1219, 109.

Η1111003111113 1234, 315, 1245, 458.

1111100001, 21101101 501 505005010550110
† 1204, 22.

511101, 21. &burg 1223, 169.

5101001510οε0, 111, 21. 50011 1246, 435,
1247, 496, 1250, 577. 11110110 ς1101100
01110 485. - 110110, ς11105115131015011
577.

5111101010,21. 2110110 1243, 436.

Hindenevelde 1221, 134.

5100001005,31.110110051511(Ηο101005010)
(1201), 270, 1240, 442,

1111003 1. 11011.

-Η1011, Hyert (Cervus), 1101115015 1223,
165. - 900105 1248, 525, 1150 1. &tuus
1150 1. 21101101, 1110501110, 1150 1. 51110οε
11010, 5011). 00 55011015 5. 3001110 005
15111)οΙ10 5500050501.

Hynhe 1. 1100150.

11111110 1. 5015050.

1111100100, 111. 25151000 (Η1010050000),
1101100003 1233, 375.

Η101001101, 1111011101 111 13511110 1. 13151105.
Hoeigemolen 1234, 314.

5510011050101. 2101501( 0. 2.

5511001050, 0101111105 0. 1100105 5. 1232,
200, 0551005 1207, 363.

Ηο50131 (1231), 277, Ηο110131 101 151111
2711101101 1235, 329.

11001(7),111. 110011)οἰ10 1246, 473.

Ηο10010, 50101000 1234, 315.

Holde, Ες5011001213,56 (1510501151111101
11111001).

Holdenstede 1. 5050011050.

1015100 (Ηο115010), 2110015 5. 1237, 357,
1242, 419. 110101. 5011100.

Ηο10050100 (10 50010010, 111. 2100110110),
51500 503 215011 005 111000 1213, 55.

1101000ηο, 01150115. 1220, 244, 1200,

· 253,1201,279,1207,360.

5011000. 1151111100 5. 1247, 513, 1250,
599.

5011005, 510121051571151200-1203,
2, 7, 14, 13. - 615110 1150 1203, 33. -
1511101011. 5. 1209, 44, 1213, 57, 1217,
81. — &tutem IV. 1223, 162,163, 1224,
191 61111110 2101551513, 1226, 207, 212,
213, 1227, 228. - (25111050) 1233, 377,
1241, 407, 409. Q, 250100, 1501111610.

5011005, 131011 Dtto 1213, 95.

Ηο11001, Eletus 1243, 443.

501100, 111. 2310101015 (110010) 1216, 79.

501Ιο011050, 111. ς5011005155 (1101110031010)
(1250), 563.

115050 1240, 404.

55110021500210101015(30001011οε00)1223,
169.

5011100, 21.ὓ50051511(Ηο110010) 1209, 35.

5011100, 1501001, 11011000, 2551003,
1115501 5. 1209, 38. - 1101100003,
2150103 1218, 93, 1230, 250. -
1501001 1213, 191. - 80500005 1223,
69. - 21151005 1233, 300. 110101.
11010013.

50111010, 51101 115011 1232, 292. 110101.
5500015011.

5011011), 55011011 11100100( 5. 1228, 235.
- 55110, 55011011 2311501111 5. (1205),
29, † 1223, 235. - 205511, 21111501 5.
2111101101 (1. 2711101101), 1111150110, 2110511
5. 9500511111 (1. 93005155), 115511,
31005153105011204017,1250579.-
1150111210105, 1221, 137, 138, 1222,
150, 1220, 237, 1200, 257, 1200, 299,
1240, 437, 1247, 405, (1250), 568. -
51105015 1213, 102, 1221,137, 1225,
104, 103, 1227, 223, 1223, 237, 1200,
255, 258, 1233, 299, 1237, 354, 355,
1203, 371, 1200, 034, 1241,406, 1245,
462, 1247, 501 , 1240, 521. -5010000,
15550150 55110 1245, 462, 1246, 433.

50110, 111. 21111111)οἰ10 0111. 1233, 305
1101001500οτ 1. 11151100. - 55015011
215011 (31005010) 5. 1242, 422¹)

5011100100 (21500) 1244, 452.

Ηο11110110, Ηο11110011. 1151101000.

1101150000 1222, 145.

Ηο1150000 1223, 169.

Ηο1150000(1001)15011500100, stt. mnu:
0106) 1220, 171.

¹) 53 11 01011 000001510100, 501 00101 500 0500 001215011550110 5010000011
5015100000 10 0100 0501 005010 510100 8100501001 000011.

 

