500 otbenbutg-Dssnubtfid.

01000000000100005010, &roten 9110010 Ι.
ummmwmm-
6010000 ἱ. 71000 1209, 37, 1250 1,
587. - 05011110οΝ, 0110018 &obn
mfflmmm-mb
2110018 &obn 1209, 37, 1231, 316,
1212, 419 0010011 J. 80000100, &rau
000) 01000018 0. &numbram 1210,
483, 484, 1217, 499, 1218, 536, 537,
1250, 586, 587. - &nnana 1. 1218,
536, 537, 1250, 587.

1110105000, 910100 01800010000110101801
scriptor 1218, 536. - §broit (51101110
1209, 41. 20110000 1211, 48. §metrica
mm

1110100000, 0101000000 21000100.
1203, 16, 1211, 48 &ubuum 26100000
f. 80500. - 21000001 (0. 1010110012)
1209, 41. - 0101100) 11. fflitbett, 2100000
1213, 443, 000105) 1219, 561. 211001.
(1001001010.

0100000100, 0811800110 3¹1 (51. 80005001,
20000000, 8100οῑ1 1213, 54.

01000000), 1111011115), 90005518101100-
dorp in episcopatu Mindensi) 1211, 449.

1310011001) (Oldenthorpe), &uitet 0. (1183),
23, 00101. Aldenthorpe. - 0101110110
mm

Oldenlinge Ῑ. 2101000010.

010, 20110000 0. 1237, 364, 365,

Delingen (Olingen)‚ 00. 20101000 (1223),
173.

13100000 f. 0. 2100010.

θο0105100 1235, 335.

0001001000, stt. 00551110 (0000001110)
mm

Orbeke Ῐ. 13010111.

00011310.

orientalis curtis ἱ. thbof.

010001. 130010.

nuenburg, 0001510010) 0. 1232, 290,
232.

011001 (000000), &belhen 21005000 0.
nmmmwwmw
mfflmfflmfflm-
5100000, 3001150008 2300000 1217,488,
500.

1311100, (0100100000) 23οτ8000 0. (1213),
66. - 81101000 1217, 500.

ὓ11101, Str. 30000 (0001110, Hosethe)
(1219), 115,1210, 399. 811001. 1000000.

017001, &Inita (8000100101) 120319,
mmmwQO
192193, 1230, 248, 249, 254, 1235,
329, 1238, 374, 375, 1217 (80001)
498, 500. - 8100008101500 1221,
131,(31100101 (12503), 585. - &ior
2110115000 12131213, 61, 70. 0101115017
1235, 329, 1238, 374, 375. - 2101001110
0000 1216, 70, {nehela 1238, 329,
1217, 500. - 910001 0100100018, 91150
008 21000103 2110011000 1221, 131. -
18010100 2100018 1238, 375.

11111100, 3106)ιῦ01101, 83100000 &eunoun
1218, 539. 81001. 2818001001.

0800001111, 230150) 0100101011 (†) 1221,
243.

ψωωωηωπω
185.

-wwmfflmmffl

— 0005000 0. 0. 81000 1201-1217, 9, 16,
19, 21, 23, 27, 28, 30-33, 35-40,
43, 45-48, 50, 51, 53, 58, 60-63,
wwwwmbffi

- 21001( 0. 8061005000 1218-1221,
64-70, 73, 76, 78, 81-86, 88-91,
Qfflwmfflmmmw
113-122, 128, 132, 135, 136, 141,
1421, 114,148-150, 152-157, 161,
166, 167, 169, 171,172,174,175-
177,179,183,185,186-201,(()1221,
190, 230-238,250.-1051001 1225,
203,

- 00101101. 03100000, electus ,000
000001110111221-1220, 186, 188,
&mmmwfflae
quondam electus 1227-1238, 222,
336, 382.

- 251150( 20110000008100000000, 800
munh ber 100011 1220, 208, 210,
214.

- 13110 I. 1223-1227, 215-218, 222,
227.

- 3000001. 0. 3611010 1227-1239, 227,
232, 234, 238, 241, 242, 245, 261-
264, 266, 268, 271-273, 275, 276,
282, 286, 290-292, 284, 297, 299-
301, 306, 307, 309, 311-314, 316,
321, 324, 325, 327-329, 335, 337,
341-345, 348, 351, 354, 355, 362,
363, 367, 368, 374-376, 380-382,
ww&

 

