τωο-16111. 515

Τ.

716111, 9111116 1202,11.

21111, 91311111611111 (1111111) (1231
61111. 1267), 270.

21111, 1111111111 1249, 646.

2131116111 (Tekeneburg 1111111111) 1209,
41, 1221, 137, 1226, 206, 1227, 231,
1229, 246, 3111111111 1230,266, 1231,
267 211111, 1235, 310, 1238, 370, 379,
1240, 401, 1246, 468, 470, 1247, 491,
497 , 1248, 631, 1260, 690.

2111116111, 16161111 311111, 9111111111
16111 91118 12261, 204. - 12111
&imon 1201, 6,10, 1202, 10,12, 1203,
13, (1) 1216 (1., 76, 111, 179, 204, 269,
486 961 131111. - 14111 1111111111,
1611111116 11111121 311111 1203, 16, 1204,
22 , (1) 122611, 204, 269. - 01111 111111,
(61111111 ,1111113111 1204, 22, 1209,
41,(1216166,216111231111111911611161,

1. 11111611, 1217-1260, 80, 94, 106, 111, ,

mfflffimmfflmm
119, 194, 199, 214, 211, 219, 229, 229,
231, 233, 240, 246, 263-266, 267, 269,
288, 289, 306, 310, 322, 326, 332, 347,
349-361, 364, 366, 368, 362, 363, 370,
mmmmmmmffl
441, 449, 469, 466, 468-410, 476, 483,
486, 491, 496, 497, 499, 606, 621, 631,
636639,(6407),649,668,670,672-674,
677, 690. - 2111111116 1. 6. 2111191111
111111 1225-1230, 198, 204, 223, 263,
Qmmmmmmm
fflmffimfflwfflffi
690. - 16111 11111, 111116 &obn 1232,
288, 289, 12461, 486. - 11111 816111,
91116 911111 1232,288.-111111)11111111),
111119 &obn 1232, 288, 289 , 1235, 332,
1238, 370, 1240400, 1242, 420, 1244-
1248, 462, 469, 468, 470, 476, 483, 491,
496, 497, 606, 631. -31111 1. 31111164
berg) 1111111116 grau 124511, 469, 476,
477, 483, 496, 437, 606, 11111. 21111116
6111. - Oba, 21411111 16111 1111111,
21111111 111161. 21111611 gu 2111111111 1226,
204, 206 - 2111111116, 21111111 (6111
911161232,288.-611111,21111111 11111
91111 1232, 288, 1246, 468. - 13111
9111111117) 1234, 321, 1248, 640.

2131116111, 2111111 616 01111111, 21161113
1209, 41 11111. 6111111111. 1111111111 1226,
204. 8111111119 (Stella) 1230, 263, 266,
1292, 289, 1240, 401, 401. 11111111
1246, 468, 470. 6111111111 1246, 486,
1250, 690. - 61116111 611 3111111

1611116111 1209, 41. 21161113 1221,143 ’

11111. 2111111. 21111116 1226,204. 01111161
1226,204,1230,267,1231,269. 81611111
(611111 1. 2111111.

2131116111, 1661111111 9111116, 161111.
2111111111 1231, 267.

2131111111, 3116111 1. 1227, 219.

2161116111,3111111111,11111,9111111111111111
(1221), 123, 1241, 470.

2111116111, 191111 2311111116 1226, 204,
1230, 266, quondam dapifer 1234, 322
- 191111 81111111 1229, 240, 1236, 361 ,
1246, 470, 211111 31161111. 3110111613
1249, 668, (1111111141) 1260, 677, 1260,
6901111131161116111. - 9611111111
1111111), 31111111 1230, 266, 31111111
1247, 497. - 2311111111 1612111116 1221,
143.

Teghederinc, 23111116 1219106.

Τ11116111111, ῷ11111111 1. 1246, 476.

211111, 91. 2911116111 (Telgeth) 1241,
403.

211111, 1111111111 1. 1243, 434

1114111111, 1311116111 1. 1217, 90.

Sterni (Interamnia) 1236, 332.

Terra sancta 1234, 324.

2111111161 (0111169111116) 1246, 469.

7611611111 1. 5911111111.

Thedelincthorpe 1. 3111111613.

Thegenhardus 1. 2216116116, 23111111.

111646, 0111111. 1221, 211.

Theilinghe, 21111111. 1224,191, 1226,

213 dapifer Hollandize. - 2611111111, ·

6911111166 &tuber 213, 1227, 228 , 1241,
407. '
Theiz 1. 29111.
Thelebrugge 1. 2911611111.
T(h)e0dericus agrestis 1218, 101.
Theotenen 1. (11611111.
7611611, 16111111 1. metten.
Thetheim 1. mem.
Thetmerenthorpe, 311111 1. 1223, 171.
Thickenberg, 3111161111 6. 1227, 226, 1229,

Thiae} (1200), 1.

33*

 

