50ss 11111111-1111.

0311111111, 21111111 (1201111 1222, 1501
1227, 2301 1218, 532 1111 11111.

0311111111, 011111, 1111111111ηῴ 11
3111111 1230, 259, 260, 261, 2641
131111 1210,401.-131111.11311111111111,
0111131111.

0311111, 13111 1226, 2111 1215, 462.

1011111111, 21111 1111111 1231, 2101 1213,
442.

0111111111 111 01111111 (0111111111)
mmmm

0111111111, 1111111111 1. 1213, 56.

1311111111, 01111 11111111 (0111111111 1218,
102.

'mmmmmm

0111111111, 111. 1311111111, 11111111 1.
1228, 2311 R. senior 11 junior 1229,
244. - 011111 1237, 364, 365.

01111111, 31. 1131111111 1213, 435.

011111111111, 111. 11111111 1221, 1901
(Capelen) 1211, 4411 211111611111
1111 1111111 1211, 441.

0111111111, 311111 1. 1227, 223.

0111111111, 81111 3111111 1222, 1411 1231,
210.

01111111, 231111111111111111, 01133111
mmm

0111111111 (1110111111111111 1011111111 1.
mm

01111111, 111. 3111111111 1231, 2101
1213, 126, 4421 1218, 532, (111111.
21111111) 1219, 5411 12511588.

0111111111, 311101 1. 11. (0111111111)
mm

Osterwic, 3111111 1. 1213, 54.

13111111, 31111. 01111111 (0111111111 curtis)
mm

Ostholte, osterholte 1240, 395, 331.

0111111111, 31. 1331111111 (Osteringhen)
mwmwmwm
330.

Ostolone 1. 1311111111.

011111, 31111111 11 0111111 111 10111111
111111, 1111111111 1. 1111111111 1223,
fflmmmmmffl

0111111110111111111110111111111111111,
11111111 1226, 211. - 1011111 1227, 218.
- 0111111 1231, 213.

Ouseten (111 11111112) 1215, 61.
0111111111, 1011111 b. (1811111221193.
0111111, 1011111111 1. 1221213.

Oversclagnemolen 1231, 314.

01111, 21111 1111111 1222, 144.

011111 (1111311111) 1238, 310,

01111111111111111213443-1111111111.
ww

Ρ.

Ρ1111, 3111111111 1209, 31. - 1111111111 1211,
458.

1311111111, 111111, 10111111 (12117), 30, 311
mmmmmwm

1111111111111111111 1311111111 ΙΠ. (1207),
wmmfflmm-
1111111111 (provisor Osneburg. ecclesie)
wmfflfflmmmmmm
229. - (1311111111 IV.) 1230, 2611
mmmm

1111111111, 2111111111 01111111 (1207),
30, 31. - 0111111. 1. 011111215,
4621 1216, 483. - 3111111111 11111111
1120713031.

1311111111, 1011111111 1223, 210. -
101111 0111111 1221, 210.

1111111111, 1211111110 11111111 (1. 01
11111111) 1226, 2101 1227, 229.

1111111111, &theut 1227, 229.

1111111111, 0111111111 1111111111 1226, 210.

1311111111, (1511111202, 12.

1311111111311111131.1226,2111(1233),
2981 1216, 189. - 1111111111 1237, 335.
-111111, 0311111111, 1111111111.

13111111, 1111111111 1218, 525.

1311111, 111111, 11111111 1233, 3081 1217,
Qmm

11111111111111), 1111111111 1. 1811111 1223,
115. - 2111111 1230, 2581 1219, 552. -
(0111111111) 1233, 304. - 1011111 1235,
3281 1210, 389, 3901 1212, 411, (41511
1211, 436. - 1111111 1212, 418.

2111111111,0111111111111111111111 1. 1237,
363.

11111131111111111. 1201, 6, 91 1201,
Qmwwwmma
wmwmmmm
110.

111111 11111113 ΙΙΙ. 1216-1219, 14, 13,
88, 81, 98, 99, 105, 1211 1221, 1401
zwmfflffimmw
fflffiffifflfflfflm

 

