111111 1.-Η31111113. 485

110111 1., 1111111ιί111 Titwiga 1. ζ111111
1204, 22-1201101111) 1., Helewidis
1. 111111 1204, 22. - 1811111111,
2111111 1. &rau 1204, 22) 1224,185. -
91111111 1. 1204, 22, 1111111111 j. 11111,
1101111111 1. 81111111111111 1204, 22)
121193) 1224, 135) 1221193. -
&ortmann 1. 1224, 185. - 2011111111,
2111111111, 21111111 1., 21111111 (Ηο111)
1218, 93. - 2111111111 1., 2111111111 J.
<30th 28111111 1. 2111111 1224,179.-
2111111111 1. 1227, 223. - 2111111 1.
1224, 179) 1227, 223. - 0111111111 1.
1231, 113) 1232, 231) 1243, 431
23111111 1. 21111111. -ξ11111111(111111)1.
1233, 331, 331.

11111111, 91. 8111111111 (Η111οη11,
1121110113) (12311270.

11111111, 811111119111111 1. 1204, 22)
(1205), 29) 1221128. - 1111111111,
20111111(911111133) 1224,176,11111111111
111 911111. - 1111111111 1213, 102)
1224, 116) 1221, 213, 223) 1233, 299)
1234, 311) 1231-1233, 354, 311, 334)
1243, 437) 1245, 468) 1243, 515, 516)
1249, 549, 559, 564. 211111. 21011111,
murnum.

11111111, 01111111011111111, 21111111 1.
1207, 29.

Hathevig 1. Hadvig.

1111111111, 91. 2111111111 (1111111113) 1243,
432.

Η111311 11111 2111111111 1241442.

Havechorst (1231), 277.

1111111111 (1111111111 111 9111111) 1240, 399.

Η11111ιο111, Hillieo liber tle 1201, 5.

Η1131111113113,ξ)1111111) 1. 1241, 406.

Hedingen, W. 1. (1227), 233.

Η31011111111113111 (1231), 277.

11111, 91. 8111111101 (1231), 270) 1243,
442.

111111, 91. 201111111111 (Η11111, 111111)
1221, 134) 1222, 145) 1241, 413) 1243,
517) 1249, 545.

111111, 0111111111. 1227, 226 ) 1229, 241)
1293, 305, 20111111 1. 811111.

1111111, 91. 21111111 (Η1111) 1243, 432.

9111119111111.1243,432.-01111111111.
1241, 414, 415.

Heyko (1111111 111 (21111111111111) (1201), 3.

1111111111111, 91.) 91. 1111 (1213), 104.

11111111), 6111111 (1101111112) 1217, 90.

11111111) 1. 1131111.) 2111111111. 81111111.

Heinricus (1200), 1.

111111111121111111111111111111111111411
121110.

11111111), 2111111 113 &rubum 811111
1213, 53.

Η1111111111 11131111 filius 1218, 95.

Η3111111111 Hugonis fil. 1218, 95.

Η111111111218, 102.

Heinricus 1223, 160.

Heythenricus miles 1226, 217.

Η31111111131111111111, 1111111111). &tau 1241,
404.

1111111111) (Η. liber) 1229, 244.

111111, 91. 21111111 (Η3111ο) 1245, 470.

ῷ111111111 (mansus in mirica), 9111121111,
91. 2811111111 1231, 277.

Hek, 211111) 1. 1230, 267.

Η1111111, 28111111 1. 21111111, 1111111111,
9111111101111, 1. (3111111111, 2111111,
11111111 1. 8111111 1229, 244.

11111111, 8111111111. 3111111111, 2111111118
1. &tau 1234, 314.

Η111111,501111111) 1. (1233), 298.

belen„ 01111111 1811111111 1. 12211210.

11111111, 1111111111, 91. 311111 1223, 169.

Helingerus 011111110Ιῶ1221, 136.

Η11111111, 21111111. ὓ1111, 91111. 21111111,

· 91. 211111111111270.

Η11111111, 21131111112111111111111 1227,
226.

Η111111111 camerarius (1. 0111110111)
(120111.

Helmericus satelles 1245, 460.

11111111) (liber) 1. 21111111 1233, 368.

Η11113111 1. 1111111111.

91111 (1111111111), &ortmann 1., 1111 1.
81111111 1224, 185.

Hembeke 1. &cmm

Η111111, 11811111. 21111111 1237, 362. -
1243 vinitor 518.

111111, 91. 8111111111 (1111111111) 1242,
416.

&exure (Heinbeke‚ 1111111111), 111111.
1207, 20. - 61111111 1211, 48.

Hemmincsele 1223, 160.

1111111111 1. 2111111111, 91. 1111111. 20.
1221133.

Henninchem 1. 1111111111.

Η31111311,1)111111111 1. 1231, 268.

 

