1119111111.

ἔῃ 11111111 bet 111 161 11111111 1111191611 0111111111 1111111111 161 nul 111 3311
6111111111 ,1131111111 111 1111111 11111113 11111 11111 nur 1111111, 111111111111111111111

bet &amlllrrmumen 111 11111111 1111111111 1111111111 (1111111111 1111111111 &lenione
11111111111111111, trondem 1111 1116111111 werhen 111.

Α.

31111111 (1215-1248), 62, 148, 206140.

Abbeneamp bel 1111111 1248, 511.

3111111111,1ῖ111111111161 1. 11111611.

46161111611. 21111111.

2111111111, stt. dletfenbrlld (Helenbnren,
Aehenbnren) 1238, 368, 1243, 425.

1111111 (0111111111 1311111111112) 1211,

Addeetorpe, 1111111111. 1234, 316.

1116111116, 11111111 1111111111 n. 1226, 210,
1231, 322.

¹Adetlo 1241470.

Adolphi domus in Weringen 1. 11111116.

4111161111,2111111235133-11611111111
1246, 414,

4116116, 1111111 11. 1201, 8.

1111116 (111111), 1111111111 11111111 n. 1209,
mmmmm-mn
1111111111 1219, 101-1111111161 1220,
124, 1221, 210.

1111111611(41116611), 111. 3111111111 (1231),
210, (fineen) 1243, 442.

1111111111, &enlin 1., &unarmed 111 &obn
1236, 345. - 1111111111 1. 1238, 316.

31111111 (stt. 1111111111), 0111111 21111111 1237,
364, 366, 1249l 612.

11111111, 11111111 n. 1237, 361, 1241, 404.
111111. uu& 211111.

41111116 (Vlecleseiltl) 1213, 53. 211191.
Alherdue.

Alnrdne, Detrahe: 11111911, 1. vinitor.

Albertns (120011.

111111, 1111111111ηῴ 1234, 322, 323.

4116111646ἕέ111161 (116θ311111.31111)1133)
m.

mmmm

Albin 1. elne.

41111166, ὓ11υ 11. 1224,191.

4111111ςί6 in Oesenbrngge 1227, 232, dub
gurd mallerten 11116 211111.

· Albus 1. 113111111111111111111.

411614111111116),1)11111111111231250,1238,
316, 389, 1242, 414, 1247, 500, 506.

Aldenbnrg, 411616111111. leenbutfl.

Aldendhorpe, clnqequngcne 1111111111)αῇ
111 1111111111, 11111 lm 6111116111 1223,
158, 1231, 211.

Aldendorp in episcopetnllindenei 1. ὓ11111ε
&ww

Aldenthorpe, 0111111111. 1227, 232. -
0111111111 n. 1230, 253, 1240, 401.

Aldenhervorde, 31111111 1). (1233), 293.

21111111, 111111116111111 (Allendorp)
1250, 591.

Alebrandue sacerdos 1236, 346.

4161111611223,160, Alexander 1111166
(1111111111111 1111111112) 1227, 232.

Alexander 1. Hevet 11111 1811111111.

mmmwmmwd
2111111111.

211111, 11111111). 1223, 231, 0111111111.
1249, 146. 111111. eud) 2111111 11111
1131111111, 1111111111.

1111111111, 111. 1111611111 (4111111111)
1221, 132, (1231), 210, 1236, 345,
1243, 442.

1111111111, 1311111111, 21111111 161111
mm

 

