Legterike-ssippe. 493

Legterilre Ῑ. 21011111.

811010 (1110010) 1200, 2; 1238, 377. -
Jacobus castellanus de 1226, 213.

Leytbur 1. 21010111.

810100, 1100001110 0. 1223, 175.

Lenegheren (81001101) 1241, 406.

210111, &lui 1243, 432) 1246, 474) 1248,
519.

Leo, 0110101100ηο 1231, 271.

1111081100100. 1210, 46) 1213, 54. -
01111110 1225, 197) 1227, 224 1110100110
i. 0100. - 8000101 1248, 339.

Letene (0. 0. 81111111), 18110010 0. 1240,
394) 1243, 432. - N. N. filia Hennanni
mm

Letherdeslo (hedeni), 20110010 0. 1223,
152, 160. - 01110000 1245, 462.

9110111011, 111. 10111000 (1111110111),
mmmmmfflffl
432. — 1310100010 1243, 432.

81111, 31. 10110111οτ011 1231, 277. -—
(11101110010101010, 31101001 0011 (21011
wmwmmmw
1250, 581. - 210001 0001011, 21010111
1229, 244) (imma 1241, 404.

81111, (00110010 0. 1230, 265.

5011110 (0110 (3111110100) 1201, 8.

81011111, 111. 81100111, 3101111 1227, 224,
wmmwmwm
- 1110011 31100010 1234, 322.

81011111, 1111110010 0. 1227, 224.

Liborius (1200), 1.

Liborius Ῑ. 1110101101.

Liberius 1. 1111100001).

Lidolt miles 1240, 395.

211010, 31. 2001111001) (Linen) (1210), 67)
wfflmmmffim
rochia.

8111110, 1111111000 Ι. 0., 11011001. 1111011
rmwmeQm
134,144 vasallus, 155,171, 183) 1225,
193. - 1101110110 Π. 1231, 169 0111
mann 1. 11111011 ) 1238 dapifer 374, 375)
rwwmfflmffiw
ffifflffiffifflfflffim
0010001-0110009
10001 11011 Α. 0100111010. - 8010010 0.,
200111 0114101100. ῦο00011111.

01100010, 31. 11111010, 3101111 120013)
1221, 133) 1220170. - 1101 1010111
1210, 46, 47) 1220, 127) † 1223, 170)

01100010) 1111101το 1223, 170) 1233,
305. - 31111111 31110010 1220127.

21101000, 111100) (1110111) 0. 1210, 47.

8101011010, 2121111111οτ00 (1111101100)
mmmmm

Linberge 111 011 ὓο0001111111ῢ11001011
mm

1111111010, 3011100 0. 1230, 257.

91010010011101110001),011000100110010.
1220187, 0110110 i. 121000) 1231, 269.
- 01111110 187, 181010. 11110 1242,
422) 1243, 432) 1245, 462. - 18011001,
00110111 1248, 524.

1101011100.2.1242,422) 1243, 432 (novum
01111010).

21010010 (10100110) 00110111 (1010))
5111111100.1242,422) 1243, 432) 1245,
mmfflfflmwmm
519, 523, 524) 1250, 576. - 0110110,
5111111100 00011 1246, 474, 475.

810101110231011 1. 0110101111 (inte.

2111010 011 00000011, 80010111 0. 1230,
252.

21110111 curia, villa (01010011 civitas) 1227,
231) parrochia 1250, 572.

210010 (Lirim), 1111010 0., 0000111110 f.
18111011 1204, 24. — 01110111 0. 1220,
124) 1225, 198) 1230, 248, 249, 251)
1233, 299 0110010 i. 8100111 -
mmfflmwmw,
MQQQQQ—
0110010101011101110011 299) 1247,
513. - 1010011 0. 1246, 489. 111101.
ὓο00011111, 1130010111.

hinne 1244, 445.

2101110111, 01101000 0. 1248, 533.

Lintbergen 1. 9111100010.

810111, 91.1811010011111(111111110100) 1250,
588.

1111111111 i. 310101).

1111110, 0110101111 0. 1234, 315.

010101), 0110011001 (1111110111) 1227,
224.

lippia, 8101111100 1220, 208) 1229, 244)
1237, 364) 1241, 406) 1243, 432.

00101, (00110111 1111110010 0. 1201, 3, 4. -
01101000 1219, 107) 1221, 142 1111οι
0010 0150001421) 1223, 160) 1226,
211) 1227, 232) 1229, 239. - 111101
0010, 0111001100 &uhu 142¹'i 1224, 179)
1111, 211) 1111, 201) 1233, 305) 1134,

 

