2111111111-21111111111. 497

2111111111011111111 1. 1231, 271) 1236,
351) 1246, 476) 1248, 531) 1250, 590.
-91111111243,427. - 2111011111
(111111111111 1111 0111111111) 1247, 513.

21111) (111111) 1224, 190.

2111115111 1012111111 1241, 407.

2111101111, 211111 1209, 44) 1218, 95)
mmmmm

111111111111 1244, 444.

11ὶά1111111) 1. 2111011101.

111111111111111 1. 2111811111).

Mikelenwede 1. 2111111111.

Millenhusen 1227, 231.

2110111111, 911111, 91. 8111111111
(Parvum Mintemelage) 1247, 501.

2111111111, 911111 1228, 234) 1240, 401 )
QQQQQ

2111111111, 811111121111111 (1183), 23. -
2111111111 (1183 2110111111), 1204, 23.
- 9111111 (1209), 45 ) 1210, 47) 1217,
wmwmfflmffl3
1227, 224) 1233, 306. -1111111111246,
Qfflffimm

2111111111, 1910111111 2111111111 (1183124.

2111111111, 211111111111111111111111 (1183124.
(1111111111) 1232, 293.

21111111210111111111111 (2311111111) 1249,
551.

2111111111, 2111111111 21111111) 1. (5111111
11111 1245, 459.

2711111111 (Q. 21111101), 1111111 23111111
mm

2111111111, 91. 21111111, 21111111 (1111111111).
911111 (21111111) 1232, 393.

2111111111, 61111, 111111 (2111111111) (1183),
23. - scabini, burgenses, cives 1246,
480. - 2101111221182.

2111111111 1. 1. 2211111111, 21111111 1.

1111111111, 21111111 1243, 443.
211111111111 1. 2110011111.

1111111, mansus in 1. ῷ111010011.
1111111111 1. 21111111.

21111111, 21111111 (1211111111) n. 1232,

2111111121ηῄ (Moyne) 1227, 226.
1111111111, 1111111111 de (1250), 569.
1111111111 1. 1111111111.

2111111111, Theodericus dapifer Osnab.

mm

1111111111, Mauricus 1248, 518.

211111111111 (2119111111) 1. 21111111.

91111111, 02011111θ111111

Monte de 1. 23111, 91111, ὓ811151011
2111111111.

211111111101111111), 31111111 2311111111.
1248, 524.

Mire 511 2111111111 1247, 501.

Machenberg 1247, 494.

1111111111, 2111111 1. 1237, 358.

2111111, 2111111111 1250, 587.

2101111111,1)1111111111 1. 1227, 231.

11111111111, 11101111 1. 1204, 24.

2111001111 1. 111111, 2111111111.

11111111111 1. 11111111011.

11111151111 (1111111111), 2111111111 1.
11111111 211111 1227, 231.

2111111111,111. 1310111111 (2111111111)
mm

2111111111, 911111, 21111111, 11111111 1230,
259, 260) 1243, 442) 1245, 462) 1247,
512) 1249, 543.

2111111111, 21111111 1111111111 11. 1201, 5, 8)
lmfflfflfflfflmmffl-
Dtto 1. 1204, 22 1111111) 1206, 27
21111111 0111111110 1. 1311111110) 1208,
34, 42, 43) 1209, 45) 1210, 46) 1212,
wmmffiwmwm
QQffiQ-wwmwm
103105, 14211, 149, 158164, 170,
18], 198, 208 21111111 8011111118 1.
9111151111. - 9111111 1227-1241, 222,
236, 237, 244, 253, 258, 261, 264, 276,
mmffiffimmwffl
360, 361, 371, 380, 398, 404, 406, 450,
fflffiffifflffl-mst
(1247), 453) 1249, 552) 1250, 576, 581.

2110111111, 11101111. (11111111121111111. 1. 11.
91111111 1201, 8) 1202, 11. - 91115111
1202, 11. - 2111111111, 1111111111 1202,
mmmmmmwz
361. - 11111111,11111111 1202, 11) 1228,
236, 237) 1231, 280. - ὓ11111, 8111111
1210, 46. — 21111111, &brother 1210,
46) 1213, 54. - 21111119, &uptun
mm

2111111111, 191111 119 2111111111 1. 2111111, -
2211111111 2111111 1225, 198. - &aient
11111111 1201, 8) 1229, 244. 3111111011
mm

2111111111, 2111111111 2111111111 1219, 105)
QOmem
279) 1234, 317. - 2311111111 1238, 371)

1250, 579.
32

 

