518 010101-0111000011.

01010111101000110110) 1224, 187 , 1226,
211, 275, 1238, 310, 1242, 421, 1246,
459 0101011001111011, 465, 1246, 483
castrum. - 01101111 0010110 01230,
251.

01010, 011100 1. 1. 0110106001. -
010112111111110 1226, 211. - 100111.
Hulevelde.

010110,0110010001111101100)1223198.

10101200111101101 1226, 211.

0001001010,010111001111101110) 1231277.

volmarinchem 1226, 211.

0011001101 (Volcmcri), Dssnubt. 11111101,
8011100 1230, 251, 1240, 389, 390,
cmmfflfflmmm
481, 513. - 1111111111, 80001106 21111001
251, 513.

0010111100, 1111111111, 0. 1218, 94. -
00010010,111010111.(0111101101,21001111111
,0 00101111 1244, 455. - 1111111110,
001011 0111101111 1248, 524.

101110, 81110011 0. 1226, 211.

0010010101 1. 0011011010.

1010101100, Hclmburgis uxor villici de
(12231111.

Vorcwerc 1. 1101101111.

101101 1. 0001111.

01101, 01111110 0. 1218, 90, 1226, 213.

011011011010111101110), 11101 10 010111

·1237, 356, 1246, 481. 0001111 0. †
1111101110, 1001011010 1. 801101 356,
1111101110 481.

01100111, 111. 2001000011, 011 0110011101
1231, 271.

0101100010 1235, 340.

10111010, N. N. 1111011001οἱ dc 1241,
406.

11011 1. Vulpes.

011010, 01. 210106, (01111 1224183. -
01001110111110) (1225), 202. 1011110
0011 1100000, 0101111110, 10111101 1100
0111160011 183.

Vrelestorpe, 0110110011. 1223,160,00111.
ῧ11020011.

1100101011 1247, 490.

011001, 11110010 1226, 211.

1110111111, 1111111110 1223, 160.

Vrysenbcrgh 1. 1111110000,

Vroldisbrucke 1236, 350.

Wchtorpe (1111101011, stt. 1001001111)
1231, 277.

1010110011300100 1223, 169, 1235,
333, 1240, 381 0111 (0000111, 1246, 417,
1247, 493, 1248, 532. - 01101110, 011110
1.ῧ11111245,470.- 1101010101 1248,
536. - 01111.Σ130101011,011010111.

11110, 0011010 1229, 244, 1230, 258. -
1111100100 1241, 406.

1110010111110101, 1110110 0. 1226, 211.

1111110111οη, 11101110. 1250, 570.

W.

Wadcnhcrt, 11101101 1. 2010001010.

2011011110 1244, 448.

2011001111(1101111111),0111101011(ῧοοδ11011
cmm

101100 00111. 100101.

1011006,οτ012101110.1245,462, 1246, 483.

Waldenbruggc 1. 1001100οτ011.

1001000οι111 1. 100010100οῑ1.

Waldensteyne, (0101211000 0. 1245, 462.

Waleghcn 1241, 406.

Wclewic (10011011 110110 011 Secum)
1203, 13, 1223, 110, 1231, 349.

1011100, 111. 1101100οτ011 (wallo, Valle)
1231, 210, 1213, 442.

200110, 2011110110 0. 1223, 165.

2001100οτ1111, 0111111110 (Waldenbruggc)
(parrochia) 1240, 389. - 01101110,
1111111111 0. (Woldehmgc) 1224, 118.

2010100011, 111. 0000011111 (Walhcrst)
1223111. .

11110100111111011226,217. 01191ῧ111οτ
11111.

100010οί0 (01.1)001103)(111110111011)1242,
422

20110011 (1111110011), 00010111 000110 1.
WMQWQQW
210, 211, 1228, 238, 1238, 372, 380.

2011010001, 21011 1310000011 (Wardcn-
berge) 1218, 102.

wardenstedc 1. 1001011001.

2011100011, 01101 1221, 130, 1227, 221,
1228, 236, 1232, 380, 1241, 404.

1011000011, 10111111 (cives): Hcgcms‚ Lc-
101110,]01011101,01101001111,111011111101,
0011101101, 1011111101 1228, 231.

1011010111, 01101110 0. (super ripun)
1221, 136. - 0011 0111110011 01213,
56, 1221, 130, 1227, 226 1. 231110οτ

,10011000 1. 0000101110, 1238, 380

 

