46 1215

. priore 111 0111111, Rotgero et Everoino monachis de Iborg, Hermanno de Boden

eononioo Bremensi3 presentibus etiam laicis Weeelo gogravio, Hugone Urso, Ali-
grimo 11111111, Wulfhelmo de Blakenthorpe, Egehordo milite de Dioeene, ligge-
herdo Cive, Godefrido de Ore, Alexandro de Bekesete, Gerlago de Vleehten‚ Henrico
111 Ouseten. contradictores hujus pagine nostro auctoritate exeommunicati male·
dictionibus Kaio et Jude proditoris confundantur. &egel ob. - ⁶) 1111111 in A.

211 A 611111 (181111. 1311111 18, 8) 11 811111111111111111111111111;
111 Β 1111111 8111111111111111 1111111111.

62. - 111111. 1211, 61118111.

8111111 8111111 111 111 1118111111111111111111111111. 111 1111

111111111 (1111111111 1111111111 111111 11111111111111. 8111111

11129. 111 31. 11131111 11 81111111111111 1111111.
81111111111111111. imp. V, 814, 811), 816 1111 822.

63. - 1211, (1111111111).
8111111 (1111111, 31111 11 1111111111111811111118111 1118111111
11118111111111. (8111 1111111111 germanus frater noster G. Os. ep.)
8111111111, 81. 1118. ΙΠ, 111. 92.

64. - 1216.

8111111 (1111111, 111 1111 11 111 111 111 8111111111 11 1111111 8111
11111 1215 11111111811111111111 111 111 8111111111 8111111111 1111111
1111, 1111111 (1111 111 311111 1215 1111 2111111 1216 8111111111 1111111111
11181111 111 1111 111 111111210 111111111111 811111 8111111111 111
111111 11 111111) 1111 1111112161111111111111111 1217) 1111111 11111
111111 211111 1111111 111111 1111, 11 11118111111111111111111111131111
(111. 70) 111 eine 1111111 111 1111 8111111120. 211111 1217 (111. 86)
111111111111111. §hem 1111111111 1111 11 111111111, 111811111111111111.
1111 11111 11128. 1111111217 111 (1111111 1111111111) 11 81111111 &telle
1111111111(11111 111. 87). 8111111111 1111111111 1111118111111111111111
11111111, 111 111 111111 111 18111 111 1111811111111 111111 1111111111
111111111 8111111111 111 11111 11 11111111 11111111111111111111111 1111
111111111111111111111 11111111 111. 8111111111ίί1 111 11181111111111
1111111 1111 1111 11111111111111111111111 111111 111, 1111111111 11111
11111 181111 1. 11111111. 88. - 111111 111 111 8111 111 8111111111
(1. 1. 1. 111. 66) 111 1111111118111811111, 111181111111111111111.

1111111

.. ---..--

ι) (11111111111181111111 111 1111111111 8118111111 111 81111111 11112111,
111116) 1. 1118111111111111111111111118. 111. 383) 111 11111 111 1111 111 1111111111
8111111111 1111111111 111 121711111111 24 111111 111111 111. 1031 11181111181111118
mit 111 8111181111 111 1217 1. 8111111111 1. 811111181111111118. 111. 109.

 

