uenustus. 505

Ossuobtsut, 61. 311111, 6111111111]
339. - 811111 Π. 1235, 339. -
311111 1235, 343, 1241, 408. - N. N.
151111, 6111 1111111111 1235, 343. -
2111111111, 1111111. 611111 111 211111
1238, 367, 368, 1239, 381, 1241, 408,
1212, 421, 1240, 479. - (1111111111
1211, 408, 1242, 421, 1241, 446, 1241,
479, 481, 489, 1247, 513. - (Albertus
scriptor 1248, 4253). - meg. 11111111
1214, 446, 1211, 479. - 11111111
wmwmmem
- 61111111 pronubus 1217, 492. -
1111111 61111111 1249, 546. - bion:
(1111, eisteten 111 1111111111 1259, 518.

1361111111, 61. 811111, 11111111 116
11111111111111111111 1247, 513. -
6110111111, magister scholarium 15111
mmms

Deuobtsut, 91. 611111111111 120311,
17, 22, 25, 23, 35, 72, 167, 173, 223,
mmwQMQQm
Qfflmffl

661111116111111111111,111111111111111
1204, 22, 1205, 1207, 23, 1209, 35,
rmmmffi-ffimm
281, 1235, 331. - 1011111 1240, 389,
moeuwQOwo
mm

1211111111, 611111111111, 2111116111
111ω11ψωω
331, 1219, 557 311111 111 211111.

66111111,611111111111,211111161111
1111, 61111111 1209, 35. - N. N.
1. 1. 11111, 211111 0111111116 1240,
388. - 2111111 (conversi) 11111111
1209, 35, Gregorius, Wescelus (1250),
569.

Qmfflwmwmfflmo
416.

6111111111, 61111. ‘iiic 1111111111
9111111111 iit 111 111 (111 111
1111611111111 Osenbrugge. (56 [tub
1111111111 menig, 1111 im 111111 111111,
1111 utnon. 1111111111, 111111 om
61111111111111 (111. (56 geonge: 1204,
22 civitas3 1217, 87 civitas3 (1220),
121 civitos3 1225, 200 urbs? civitos?;
1228, 238 1111111, 1236, 351 advocatio
civitatis; 1248, 533, nova civitus3 1248,
541 tom vetus quum nova civitss; 1249,

1361111111, 61111.) 557 osneburgensis
civitas. - 6111111111 1217, 77, 1231,
281, 1213, 438, 1218, 518, 1250, 593.
- consules 1231, 281 , 1237, 362, 1244,
457, 1248, 518, 1219, 560, 563, 569,
1250, 593. - scabini 1236, 346, 1246,
480. - burgenses 1223, 167, 1226,
214, 1231, 281, 1237, 362, 1240, 390,
1242, 414, 423, 1243, 428, 437, 438,
1244, 447, 1241, 471, 479, 480, 1250,
589, 593. - cives 1218, 93, 1221196,
fflfflwmwmwm
518,1249,563.-611111111110111111111
111111111111111) 1221196, (judicium
civitatis) 1226, 214. - 6111111111 ·
(rector liverhordus 1201161), 16111111
0111111 1215-1217 (. 2111111, So:
111116 1223, 167, 0111111111 (11011111
1111 1. 1511111) 1230, 250, 61111111
wwwfflmfflffl
1. (11111, 31111116 (1. 1111112) 1215,
1248, 458, 479, 481, 811111 1. 81111
1242-12411011112111111(11111111)
1248 t. 2111111, 1111 2111111 1249, 563.

ὓ61111111,1111111(111111111,11111) 1111
111111 6111111111 8. 1. 1111111 1240,
471, 11111111 1231, 281, 11111. de
Angara, 1. 111111,2111111111,1. bstou,
111111, de Foro, Gerherdus sutor, 1. 1.
(1111111111, 1.11111,11(111111,1111111,
11111111111111111,1111111.91111,
Institor, Liborius mercetur, Magnus,
1. niue, Monetsrins, 20111111, Niger,
1111111111, 6111111111, 61111111,
81101,1.6111111111.1111116011112),
vinitor, 21111111, 13111111 2111111111,
1011111, 2611111111.

138111111211111111111(1111111111111111)
1218, 97, (parrochiae infru civitatem,
21111111 111 6111111110111) 1248,
534, 1249, 565, 566- 1111111111111
2111111111 11111111 1240, 389.

1361111111, 611111 1. 11611111 1250, 593.

nonnosus, 1111111116 (domus civium)
1214, 447, 457.

6611111111, 6111111111 (fossatum vetus
et novum) 1250, 589 11111111 11111.

1311111111, 01111111 1248, 518.

1361111111, 1011111111) thethardus,
Alheidis, Pink03 1248, 533, 1250, 578.
- 0111111 urenles 1249, 547.

 

