, XII

litones = howelinge (199), hovensre (436), mancipium = solonas (481), servus
(101, 187, 443), homo omnino asstrictus (224). §Die 11111 11111111111111111
1111911 [1111111 eynlurke lude (211) 111 1111111111 (436). ¹)

3111111111111111111111111 116 1111111111 11111111111111111111. 265,
316, 481 1. 447 11111111111131111111.

Sd) 1111 11111 3111111111111 11111 1111111111, ohne 111 1111111111 1111111
1111111, 1111111 111111111111111111 111116111ηᾶ1 11111 11111111 111, gu
11111111. 311111111111111 111 111 111111 1111111111 Dr. 11. 31111 11 1111111111,
1111111111) Dr'. 11. 11111111 111 11111111 Dr. (1. (11111111 11 11111111,
3111111111 1111111111 Dr. 111. butte& 11 1111111111, 1111111111 Dr. 11. 61111 11
911111111111 6111111111Β1.ξ).111)111111111 1. 111. au 51111 1111 1111
1111111111111111111 1111111111 11111111 111 91111111111111 respuisset.

&sinet Durtbluutbt 111 Detur 3111111 1111111 11111111111111111111111
111111 111 111 11111111 1111111111, 11111111 1111111111111111111 111 &eninr
111111 Dr. 11111111, 1111111 111 11111 1111111111, 111 11111 11111111 11111111111111
art, in 11111111 111 mit 11111111111111111611111 111 1111111111 11111111, 111111
11111111111111 §Dant 1111111111.

1361111111, 111 13111 1896.
Dr. ῖς. 1111111111.

1)1111111111111111111111 1111111 111 111] 111111 111111111111611111 111
11111111 1. 1318 1111111 1111111111) 11111.1111111111,(11 1111111111111 288 ff. 111
1111111111, 9111111111 1. 11111111’ Θ. 124,125.

 

