494 21111-21111515111.

211151] 322, 1235354, 355, 360, 364, 365,
1245, 462 (5515111551, ς81115115
1. (5551, (215115115511115111 5141511
5511 1. 2111511,1250,576.

21115162111111111111), 2115111 15. 1229,
239. - 211115 1237, 364, 365.

21551(1)111111111111),511111111155111,
stuba 5. 5. 1245, 462, 1250, 576.

2111111115, ur. 2255115111 (11111155-
torpe) 1247, 490.

2155111151 (Lippis) 1233, 305, 1236, 349.
- 1115111 111, 21111116 305, 358, 364,
365.

2151111151 5. (de Lippis) 1. 3111111111,
355111111145511111151.

21111551, 1011115115 11151111 gu 1233,
305. - 2111115111 21111115 305.

2111111151, 151111 211111 1. (1151111.

Liveustede, H. de (1227), 233.

51111151. 2151111.

Lo, 315111 in θ1111111, Johsnuis, Rufi,
Wescelini 1230, 253.

bubulus, 5111111) 5. 1250, 591.

2511111, 111. 31551111 (1155111111115)
1202, 41, 1226, 235.

5551115151. 2511111.

2511, 55115111 5111111115. 1224, 187,
1226, 215, 1211, 406, 1241, 463. -
6151115111 1224, 167, 1230, 257, 1231,
269, 273, 1241, 406. - 6151111115 1226,
210 (5111511511 11511 2155155112).

25515111112111111 (Lon) 1221, 132.

25551 511 2111, 91. &burg 1225169.

Lohus 1220, 121.

Lohus 1. 1111551115511111.

Lon, 51111111 5. 1226, 204; 1231, 269,
1234, 322, 1240, 400, 401, 1247, 497,
1246, 531. - 2151111115 5. 1227, 226. -
(2511115111 5. 1245, 459 (1. 1511 111)
5511 5512511). - 115511111242,
421, 1246, 477, 12415532.

1151125511.

11151 1. 25111.

25111111, 21111 (1155111511, 21111111
(211111) 1211111 5. 1244, 444, 1247, 501.
- 1111151 51111111 11, 2115111111 11
211111111111511 551515 1247, 501.

25111, 91. 211111511111515) 1246, 532.

Loou, 51111 suumin 5. 1208, 33.

25511, 91. 2111115111 1242, 432.

Lothere 1. 2111.

2515111111 (3111515), 511151 5. 120515.

251111, 11111111151111 (1151331111) 1222,
144.

25111112211111 5. 1219, 107, 1222, 239.

2555111011151115) 1227, 224. - 211151
511151 11555 551 2111115511 1227, 224.

21155111, 2111111511 5. (1183), 23. -
2211111 5. 1230, 257.

211511, 21115511 (21115515 2) 5. 1210, 47. -
(355111) 1232, 296, 1233, 306.

Lueks 1. 2511111.

Ι,1116155115155,2111515 5. (1232), 289.

215111511111 (Ludenchusen) 1232, 297.

215111511111, 22111511 5. 1202,11.

Ludgerus 1223, 160, 215111, 11111151.
211511 1231, 315.

2115511, subdiaconus 1216, 72.

ludolfus, procurator 511 11151113 511
(51. 355111 11 21115111 1224,178.

1151111512511111. -

2115, (1115111151 (11151116) 5. 1205, 34.

211111, 111. 1251111115 1243, 432.

Lunne 1. 5111111111.

Lupus (321111), 11111115 1221165, 1244,
457 2211111 1. 1115511. - 25111111
1250, 561.

Luscus 1. ῧ11111.

Lutbike 1. 21155111.

21111115 1230, 265 (5. (5115151111)

21111111. 2115111, Lutgerus judex 1. &uhtu

211111, 1115511 5. 1225, 194, 1233, 301,
1242, 419.

2111111, 211111 511 1111111115 1213, 56.

2111115111 1229, 244, 1231, 277.

suuis„ 1111111511 Hugurdus 5. 1217, 88. -
(1155111) 1235, 337. - (22115111) 1214,
450.

2111111) 1226, 208 15511511511111111151111
cathedralis, sula episcopalis.

2551124511, 461, 463, 484, sss-4881
492, 499, 502, 507, 508, 510, 512, 521,
522, 527-530, 538, 542, 551, 553, 5601
565, 566, 582-584.

2111161115 1241, 409.

1111551111, 21115110114155111115113 1241,
408.

2111515111, (1115111551 21151115111203
45, 1212, 50, 1232, 390, 392.

 

