6151551551-5111, 483

(3115111151, 21111 21511 1223, 169.

5115111151215115 5. 1223,171; 1226,
211, 1211, 271. - 21511) 1211, 271. -
{bethara 1231, 271, 1238, 372.

Goldink 1248, 535.

(11511, 2111111111 5. 1244, 455, 1245, 453.
- 5111111115 5., 215115. 11511111 1246,
433.

Ghorichem (55111115) 1224, 191.

Gozwinus (de Molendino) 1230, 251.

111115, aaa 2511512511111 1209, 36, 37.

Graflo 1231, 277.

(5111115111, 5511511151511111, 5. 1237, 364,
365 11511) 1. &aba

1111115511, 21511 21111111 (0111111111) (1245),
270, 1243, 516.

11111511), 21511111 5. 1248, 515, 516.

3115155515, 55115111 61115115 5. (1205),
29, 1224-1227, 1711134, 193, 218, 223,
mm

(111111531251111551,(61111111)5111111111
1231, 277, 1250, 570.

Gregorius 1220, 118.

Grellen, Everhardi filius 1241, 406.

(1111111111 1225198.

5111517121. 2111111111, ,1111115111212 105,
ecclesia 1241, 406, curtis 1244, 444,
1246, 473.

(11111111 1. aad) 1111111111.

5111511, 2515111115 5. 1226, 211.

(31115111, 111151. 2115112111), stt. 2111111111
(Grevinchave) 1240,·394.

(11111111, Heylardus 1243, 443.

Grerinahusen (1231), 211.

6115561115, 111. 2111111511) (Gropelinge)
(1227, 2212), 1231, 277, 1231315.

6111111 511 3551155115 1234, 314.

Gronland (5111111115), 9511551155 511
2111111111 (1200), 1.

(11155111, &af 511 ὓ1151, stt. 21115511
(Groningen) 1250, 581.

6115115511 511 (11115111, 21111111111111212,
105.

61115511 (111. 251151151511) 1227, 221.

Gratenharst (25111 5. 111111) 1235, 332.

(5155111515 (Cripta 1111111) 1240, 402.

1111151111, 111211111151511 (1231), 270,
mm

6111511111, 11515. (1204, 5), 1224176,
1225, 196 , 1231, 281, 1224, 326, 1217,
354, 355.

Oruba, 251115 1201, 8, 1212107 211115,
2111511151151151, 11115511 1. &bana
551115115112111121. 2555115121 1231,

277.

1151111111), stt. 2355115151 (6111111111)
parrochia 1201, 8, 1221,136, 1223,160,
1229, 243, par. 1235, 321, curia 1241,
410.

· wwawwamhma-

11111τί11, 1211111111, arctata 1131111111,
2511115 515111 1222, 243, 1211111111)
1111111111 1235, 327. - 5111111111 2111151
1241, 41.

5151115155, 2111511 5., 2111111111 1201, 8.

51555111, 6111111 2115111, 211511) 5. 1237,
362.

&aaran (Η111111,Η1211),ξ111111555.1232,
233, 1237, 365, 11111151) 5. 1237, 364,
365.

Η1111111111,5115111115211111111,5.120237.

Haalvig (Hathvig), 11111116),1201 8,11221,
1362115155123111512511112511115
1. 25511, belutia] 15515111 2111111513
121111.

&agea 511 2111121111 1247, 501.

51111121. &burga 1111111223, 171.

baara! 5111111115 5. 1230, 253.

&ananau 1243, 430.

1111115111 511 &burg 1233, 301, 1242, 430.

1111111111, (Hakenez) 5112111111, 1112511112
511) 1245, 464.

5111111111), 2111111111 5. 1227, 221, 1231,
279. -5151111 5. 1228, 237.

Haggenberg (5151151115 (55115111
11111115, 21111 ln 1237, 364.

Hagaan 1. bathen.

515111, 212111115515111247, 501, 1242,
561.

{aare (1111111),1,1111111 (1.1) 1225121,
193, 1227, 213, 1223, 234, 1230, 250. -
&armana (Π. 1) 1236-1244, 351, 354,
mfflmffiQfflmffi
403, 412, 414, 420, 426, 435, 4371-440,
444, 441, 457, 1241, 481, 1241-1251,

'ffimfflm-wwm

331. - 211511), 1111111153ΠΙ 2151
1245, 457, 1248 Daraba. 211111 515,
516, 532.

31*

 

