05555506, 503

θο555550, §Damnem

mmmmwmffi
1219, 105, 1220-1232 2955555554
- quondam decanus 1235, 329, 330,
Qfflfflffim -mwmfflwmmh
- 5555155. 0555315 1218, 93, 1220- 272, 1235, 330, 331, 1237, 356.
mmfflfflQmm-mmmmwam
172175. 209, 1230, 251, 1231, 272, 1234,
- 0555555 de Foro 1220-1228, 122, 314, 317, 1235, 327, 330,331,342,
132, 144, (1719), 175,183, (1859), 1237, 356, 1238, 369, 1242, 416,
196, (1979), (2099), 216, (2179), 1240, 389.
218, (2389), 1230, 250, 251 , 1231, - &etnam 5. &norbeti (sorbeke) 1225,

5355555751, 95555555
355555 5. 815555 1221, 132, 1222,
144, 1225, 196, (1227 magister

Johannes 2259).

mmffimmmw
aemffimfflfflffi
354-353, (3532), 334, 333, 55-
4243, 413, 443, 447, 433, 435, 433,
fflfflmfflwfflm
wwfflmfflmm

- 7615555, (5.911559),1220·-1225, 122,

mfflQmmmm
πω

- &acob 1220, 127, 1221,132, 1223,

&mm

- mag. 35555 1220127, 1221,132,

mfflmfflfflm
251, [puter 55551505.

- 5355555,5055355)155(05 primo altari)

lmfflfflmfflffli
1235, 328, 330, 331, 342, 1237,
356, 1240, 389. 5551. oben 533
55555 5,. Qatnu.

- 055555 5. 23535 1221, 132, 1231,

mwwmffim
269, 1240, 389, 1242, 416, 417,
1243, 424, 426, 437, 1246, 472, 479.
35551. oben (555555 de Foro.

- 55555) 5. 2035555 1221, 132 , 1223,

lwmfflfflwfflm
2mmmfflmwfflb
mmmmmmffi
mmmmmmmffi
fflmwmwfflmQ
mmmm

— 5555 5. 8553515555 (Vorencampe)

mfflmwmffl
1mmmmmmz
QfflQOm
mmmmww
4mmmmafflfflm5
zmmmmfflm
mmmffimfflffl

mmmmm&
301. 55551. 5555 055555 de Foro.

- 01034555 (011)5)215),9(7515339) 1220,

209, 1230, 250, 251, 1231, 269,
272, 1237, 356, 1242, 416, 417,
1243, 426, 438, 1246, 472, 479,
1247, 498, 505, 513, 1250, 569.

- {bertram 1226, 209 , 1230, 251, 1231,

2wmffimQW,
3332?OE 472, 479 [miter 90555

- 55555555 (5551 (155 63535555) 1230,

250.

- 0155555 5. Der 1230,251,1231, 272,

1235, 327, 330, 331, 338, 342, 1237,
ffiwmmww-
1244, 416, 417, 1246, 472, 479,
ΜΜΜΜΜΜ
1250, 588. 05150) ἱ. 35455 f.
5555.

- 8515515 5. 91οῇ31 1230, 251 , 1231,

272, 1235, 330, 331, 342, 1237,
35655550,5555555551232385
1ΜΑ555ΜΗΜ4Μ,
472, 479, 498, 500, 505, 513, 514,
546, 572, §patet 9355455550 555

mh

- 85555555 5. 23155755 1230, 251 , 1231,

mmmmmm

- mag. &unfrieh 1230, 251 , 1231, 272,

mma

- 210551 (94175555) (5. 355559) 1237,

3wmmfflffimw
mmfflmmmm
w

- 4575)( 5. 2335551232356, 1240, 389,

mfflmwmffl
zmmfflwmwm
m

 

