0111115106-011111111. , 473

0111115106 (Bersenbrugge) eeclesia 1221 ,
182, 1231, 271, curia 1231, 269, 270,
271, 284, 333.

011111510621111111231, 270-273, 284,
285, 1233, 308, 1231, 312, 313, 317,

rmmmmffimm
mmmmwmmw
mwwfflmwww
lmmfflfflwfflffi
ffifflfflfflmwfflm

0111115106, 31, 2115111711 0111111111
(mmm

0111111106, 21, 2111111, 0111111115 5. 0111
wwmffi

011111ιὺ1116, 31, provisor 81111115 1233,
308, 1231, 312, 313. - 10111511
(201111 Ι.) 1238, 369, 372, 011111
(mmmmm

0111115136, 111, 0111111 1011111 1235, 333,
1236, 345, 1233, 367, 101111 provisor
1111011111.

0111115106, 01111111 201111 1218, 532
(111111 011111 111 301111 Π).

0111115116, 01111 311511 1238, 369.

1111111611, 0311511111111111111 1201, 22.

0111111111,2110111.οἰ111111111(1231),279.

0111115 (511 011113) 1219, 561.

0111111111, 91. 011111, 111111. 0101111112
111111 1218, 511.

0111111111 1213, 134.

01111161. f. 01111115.

Β111111011111113), 0111151151. 1228, 238.

01111, 2111111113 1. 1218102.

0115115111, 3111111 511 0111115111 11
01115111 1217, 83, 1226, 217, 1231, 318.

0111115111, 31, 011111 20011111 1226,
217. - (6111351111, 0111111115 1226,
217, 0115115 1226, 217, 1227, 218.

Β11111115111,21111115 5.,201111151001111.

015111101151115. 1213, 51, 1213, 105,
rmmmmfflfflwz
361, 365, 1216, 173. - 01111111
(011111) 5. 1236, 345, 1213, 126, 1215,
161, 1211, 515, 516, 1251, 511, 580. -
ssmmmwmfflma
513. -· 0111115 5. 1211, 106, 1211,
162. 01111. auth 0111511111 1. 01011111,
0111011111.

0111111111, silvula 1230, 258.

Bevinethorpe, 211115 11213462.

01111, stt. 016111, 111111. 0111111111,
(0111111111) 1211, 404.

01111131201111511131111.0111(Β1111-
sete) 1250, 570. ’

1811111115 1221, 187, 1226, 211.

01111, 31. 0111115106 (Birt) 1218, 532.

01111, 5111111, 01111113 1. 1218, 532.

Bigenchof 1. 0111111). ,

0011111111, 01111110 5. 1237, 364, 365.

0101111111), stt. 0111111 (8111111111) 1232,
288, 1233, 310.

0111111116, 01111115 10111111 5. 1233, 310,
81111111,2111111511,0111,11561105511.

01111111, 01. 0111111111 1212, 49.

011151), stt. 1011115111, 111111. 0111111111
1231, 277, 280.

0111111, 91. 0111115106 (0111111111)
(11111111) 1221, 112.

01111131. 0161115119(311111111) (1216),
ffimwmm

0111111511 f. 0161111151.

011111, 01111115 1238, 380, 1211, 106.

8111116511110110111518115111151111
1211, 188, 1211, 116.

011111651111, 2011111151 1. 1203, 16,
111131111111111111, 1201, 24 (151111),
1211, 18, 1212, 51, 52, 1215, 61, 1218,
95, 1211, 111, 1221, 155166, 1125,
196, 1226, 209, 216, 1227, 218. -
00115111 5. 1213159.

01111111, 1111151115, 01111111 1222,
111, 215111, 031151. 0111111111,).01,1111,
20111131 1011111, 211118 ἱ. (0111111111,
31511) (11101111, 1223,169,171 215111,
01111111 105511, 1221, 178179,
1121, 218, 1221, 211, 1211, 251. -
0101111 (10115111) 1223, 171, 1226,
211, (1233), 298. 01191. 01115116,
1111111111.

0111111011, 91. 01131111, rastrum,
castellani 1213, 432.

0111111001 (1011511513), 01111115 5.
mm

0116151 1221, 189.

6111111, 3111111 5. 1231, 269, 1232
dapifer 288, 1231, 322,

Blotlape 1225,198.

00110116.

01111111 (0111018) 1228, 231.

01111111, 9111511) 115 1111111111, 01115115.
1238, 373.

 

