911111-91111. 509

911111, dominus Hermannus 1. 1223, 152.
- 01211111 1221, 136. - 91111 91113
1111112444481 1249, 545. - 91111
111111 9111111221226. - &raptos
1311111 1. Donato.

911111 (111111) 1248, 523, 524.

9111111, 111. 9111111111 (parrochia 11311)
1230, 253.

91111111, 91111111, 8111111111 o. 1241, 406.
211111. Rene.

9111111111, 1111111111 1. ho. (Rinrhoim)
1219, 533.

91111111, 9111111 1233, 305.

91111111, barthi 1243, 432.

Riooldinclo 1. 9111111111).

11113111113 1218, 102.

1111111113 11. 1111111111 1223,160.

211111 (Reate) 283, 284.

91111, 91111111 2111111 h. 1227, 225.

Rikardinothorpo (Reherd.), 21111111 b.
1233, 374„- 1241, 418) 1213, 431. -
&ohaam 1. 91111461.

91111111 111 9111111 (Retherlago) 1223, 1143
(Rinderlagho) 1249, 558. ·

911111111121. 1111111 (Rimoslo) (parrochia)
1222, 1507 9111111 1119111111 1224, 118.
911111111111111111191111111 1241, 403.
- 21111121111111 1224118.

9111118111, 31111111. 1228195. -9111111
1239, 211 p 1243, 431.

1111119111, 11111111 1209, 38.

Rindorlago 1. 91111111.

9111111111, 91, 91. 918111911111111111,
19111111311113 1. 1250, 191.

hippopheon) (91111111 9111111 1. 1248,

483. 911111. 19111111.
Ringerinohof 1202, 10.

9111111111, 3111111118 1. 1243, 432. -
01111111 1250, 511.

Rinrhehn Ῑ. 9111111111.

9111181111 1200, 1201, 2, 1.

1111111111, 2111111111 1224, 1191 1238, 351.
- 11113119) 1230, 250] 3513 1241,
500.

9111111111, 01111111, 9211112111111
(burgensis) 1243, 428, 431.

11131, 9111111 1223152, 1227, 226, 232
&elonget 111 91111111 f. 911111. -
&elongor 1229, 244.

9111111111, 91. 2111111111 1224,111. -
ecclesia 1228, 211 ῑ 1234, 314 parrochia,

9111111111] ecclesia. — 91111111 81111111
1231, 269, 314.

9111111,91.1111111111911, 91111111 1245, 468.

9111811111, 01111111 o. 1224, 191.

91111111 (9111811111 &tuf 9111111 1237,
358, 359, 364, 365) 1238, 312, 313)
1240, 394) 1243, 483. - 2311, 11111118
&tou 358, 359, 394. - 1111111111,
91111118 9111394.

11111111, 19111111 o. 1227, 226.

21111111, petatio o. 1234, 916.

9111111 1238, 311.

9111111111111, 919911111111111 (1111111111,
1111111111.) 1212, 51 ῑ 1231, 281.

9111111111111,111111 o. 1231, 2811 1237,
359,· 1238, 313) 1240, 393. - 911111,
(1111118 91111 313.

Rode, paroeat 1. 1219, 111.

991111111111,919111111911111111911)
(1233), 293.

911911111111, 9111111111 o. 1209, 411 1220,
113122, 1223113, 134) 1223, 211
(Rothingon); 1231, 273 9111111111 Ῐ.
9111.

1111111111, 21111111, 91111111 h. 1223156.

91111 (Rura) 1228, 208.

9111811111, 91111111. 91. 9111112 (petet)
1219, 45.

911111, 9111111 1204, 22. - 1111111111
1219114.

9111111111, 111. 9111111111 1209, 41.

11113111, 59111111) 1. 1227, 231.

Rohealo (111191. 2111111112) 1231, 211.

Rokinohuaen 1. 9111111111.

91111 28, 15, 208. 211111. 91111111.

911111, 1911111111211111111
111111 1. 9181111111 1231, 211.
21111111 o. 9111111 1231, 211.
2111111111 o. 9111111 1250, 583.

81111 o. 9111111111 1240, 392) 1243,
442.

91111111 1191111 uno 81111111 1243,
442. ψ

- - sBoiohot:

3111111 o. 91. 91111119 1231, 211)
1243, 442.

9111111111 o. 91. 9111111118 1119111111
1231, 211.

&ohaam 1. 91. 9111111118 111 81111111
1231133.

(111111131191. 91. 21111118 1231211.

 

