81113211-321122. 471

011323 (11121122), 3111111111 3. 1223, 139,
1231, 273 , 1235, 334 31321113 1. 311321.
2111323211, 3323111 33213113 3. 1206, 27.

31323211 3., 1. 3311311111, 32113211.

3113213021, stt. 3131211 (Ascanthorpe),
23111211, 1. 121212.

1313213211 3., (2311323311121, 3111133212.

311301, stt. 3123213312 (14121112) 1212,
31.

14221112 J. 31121 1. 01.

4112121121, 311131. 3121131111 1223,
167,176.

1312121113, 23213113 3. 1221, 137, 1226,
212, 1222, 232 1221, 251, 1231, 354,
1244, 437. - 32111111 3. (1121121
221212) (1227), 233, 1233, 303.

131111 321 31312323111121,21.3311311111
(1111111111) (1216), 67, 1230, 230.

311113, 33213113 3. 120316, 1209, 38
01213113 3., 1. 311321, 1211, 48, 1218,
wmffimwfflm-
1123111 3. 1223106.

augarum (Augusta) 1237, 363.

Arena, Wilbrandus de 1213, 34.

2132111121, 1121113 3. 1201, 8. - 21132113.
mm

Bacham 1. 311111.

3211121111, 0111111123 3.,11311213311112111
mm

Β221111,33213113 3. 1248, 323.

3133211111113213213131(3263321113,
212.)12221331223242,1232242.-
domus Mannonis 1249, 363.

3133211213131112131311), 31111 1235,
342, 1236, 348. - 3111113113111
1237 ff. 32111. 3211311111, 31113211.

32111113), stt. 312112(Βο11122) 1228, 234.

311111, 21111 32311 (32111221) 1203, 32,
1209, 40. - domus Gotscalci (1231),
270.

311132113113113232113. 1232, 290, 292.

311, &ugo (1312 32111121) 120316,
(Β212) 1204, 22, 1207, 29, (111122)
mwmwwmfflw
(Β212) 1216, 71, 1217, 77, 78, (dapifer)
mssmmmmwg
128, 1222144, 1223, 133,167,169,

[311] 171, 174,173, 1224, 177,183,183,
1221, 123133-112, 1222, 222, 211,
mmmwfflmm
2313231.- 313111 1227, 230, 1234,
ammmwmmm
354, 331, 312, 1221, 312, 1211, 332,
mmmmmwmm
fflffifflmfflmffl
481, 482, 489, 1247, 498, 300, 1230,
371, 380.

Β2111121211 ἱ. 3211311121.

3211211321, 01213113 31230 233.

3113111121 1224, 188,

3113211121, 311111 31111113 1219, 109.

3111113, 21111 311321311121 (Berglege)
mm

3111113211, stt. 3211113 (Β2111111111112)
mm

31112, 3211213 31223, 174.

3111121, 332113123111(Β2121221) 1231,
269. ·

31111111, 01. 3312, 31111, 2123111111 3211111
mm

3111112, 3111133211 31211123 1210, 46.

3112131111, 323211 3. 1221, 130, 137,
mm

3111213211, 332132113.,3211113, 312111
gu 31. 3232111 11 1131111237, 364. -
321121, 32111311 311 3121211213 11
321121, 232131.

Bavenham 1226, 211.

62131212122, aaa 3. 1245, 462.

3211212328183111(Βο12111112)1249,346.

3211112332, 21111. 32132, 111. 3211111
(3212112222) 1218, 101, 1220, 118,
(Bekeseten) 1237, 361, (1246, 4792).

326111, 31131 (Β2211211212, 3212112111)
(parrochia) 1201, 3, (1216), 103, 1223,
134, (villa) 170, 1228, 238, 1237, 363,
(1111121) 1246, 474, 473, 1221223121
1223, 138, judex, 1111111121 1236, 349.

3211111, 3111121 1223, 138, 32111113 1227,
226, 1244, 433. - 3111 32111111 1244,
433- 311113 3. 1201, 3. - 31231113.
1227, 226 , 1229, 244. - 32113113 3.
1227, 226. - 813111 3. 1241, 406.

323211211, 611313 3. 1247, 492.

3221212111. 3111213111 1220, 121, 1231,
277.

3211211212 Ῐ. 326111.
6211211 1226, 211.

 

