504 09555506.

06555553, 50555555

205555 5. 31555555) 1237, 356, 1240,
389, 1242, 416, 417, 423, 1243, 426,
437, 438, 1246, 472, 479, 1247,
498, 500, 513, 1248, 528, (55555
9055555555 555 5555555555.

- 6155151555200556555555 1242-1244,
OEQQQWM&
472, 479, 500, 504, 513, 518.

- (05555550 5. 2155555555 1242, 417,
mmmmmmm
mm

- 5505515 5. 5515535555 1242, 416, 417,
mmwmmmmz
mmm

- 0551555 5. Der. ffitubet 0555551555,
5555 6555465555 in ὓτί5155 1246,
472, 1248, 547, 554.

- (0555555 5. 0551155555) 1246, 472.
5555). 0555555 de Foro.

- 05555555 5. 5. &urit 1246, 472.

- 315555 5. 20557555 1246, 472.

- 0555555515 1246-1249, 479, 513,
514, 559.

- 5515555 5. 455555 (de Monte) 1247,
504, (1250), 569.

- 55155145 5, 5554555 1247, 513.

- &tuit (3555555155 553 4555155555
20555 5. &temtum 1247, 512,
(wmfflffl

-mwmwm

- 05551) (55551555) 1249, 560.

ὓ6555556, 0355550555505, 22515555
23555555 1217, 79. - 0555555, Qum:
51555 1248, 515, 516.

1365555575, 5506555505 1235, 329. -
2355555 (355515, mammem 1247, 499,
1248, 528.

1165555351, 2610555505, 23515055 05555155,
6515165555 gu 653555551250578. -
21555515 de sancto Vite 1242, 414.

5355555551, 215155155555555555 (555555
9555555552 u. 5055555)4552)1216-1218,
72, 77, 78100. - 35555551 (455155
5055555552) 1224, 182. - 23155515
mm

9365555051, 61. 855555, 0501 1203 5.,
QOmmmmm

Dssnuhtsstt, 64. 555555, &tim 343, 354,
355, 385, 393, 399, 403, 412, 436, 436,
492, 541. - 2155555) 1236, 351. -
0555855) 1218101.

Quantae. 55. 855555, 525555 0555555
(1205), 29, 1207, 29, 1209, 35. -
Dtto 1211, 48, 1213, 53. - 0255551551)
50555555 in 2355555 1222, 147, 1225,
198. - 2015516, 1223169, 1224178,
1226, 216. - 20055155 (5555 vom:
555552) 1235, 339, 1239, 385, 1240,
393, 339. - 255555 5. &cahem (5555
9055555554) 1241, 403, 1243, 428, 1248,

ὓ6555556, 65. 355555, Mum 5515515
1207, 29, 1209, 35. - &senaab 1217-
1219, 89, 101, 106, 1222-1224, 150,
166, 167, 169, 176, 1226, 216. -
205515 (1234, 3142), 1235, 328, 339.
- 235555 1239, 335, 1240, 393, 1242-
1244, 412, 426, 428, 431, 435, 436,·
1244, 446, 447, 1246,.471, 479, 481,
1247, 513, 1249, 546, 1250, 571.

ὓ6555536, (55. 355555, 90055 (555555
1229, 246. - 01516, 1238, 374, 375,
378, 1240, 393) 1243, 419, 1246, 481,
439, 1247, 513.

1135555505, Gn. &obtutus 5555155155 35
555553 1235, 339. - (imit 1243, 425,
mmwmfflmfflm
502, 1249, 546.

ὓ9555550, (51. 3455555, Θ5556555555
23555555 1207, 29, 1209, 35, 1224,
176, 1226, 216, 1235, 339. - 0555
mmmmmfflfffim
MWQWWWQQ
176, 178, (1243, 4409). - 50155155
zmmmmoewwae
193, 1235, 339 (55555 917555.- &232
(5155, 6555515555 1226 5, 216, 2215555
goth ἱ. 2115555. - 3551555115 1226, 216,
1228, 238, 22515555 1235, 339. - vernn
mmmmmfflmm
281, 1235, 339 [patet 50555555. -
55555551, 1235, 339. -5555555 11.
5. 555555 1235, 339, 1246, 479, 1247,
513. - ἵ555555 (Τ55515555)1235,
339, 1244, 446. - 8555551. 1235,

¹) 08 5155 5555516 515590555555551 (1505515555 55555, 515 23555. 1 ,ιι 173

iit 51551 51555151 ,5 5555055.

 

