7711111111-211111111111.

2111111011] 2111111111 1. 2111111) 1247,
500. - 1111111111 1233, 380) 1246111111
111 0111111111) 1249, 552.

Warensile 1. 2111111111.

2211111111, 21111 01111111111 (77111111-
111111) 1250, 574.

2111111111, 0111111 1. 1222,144(11111.))
1223, 171. -1111111 1246, 477) 1248,
532.

2211111111, 21111111 0111111 1. 1224,
187.

1711111111 1221, 142¹.

22111 (211111), 11111111 1. 1221, 130) 1224,
185. - 20111111 1227, 230) 1243, 439.
- 211111. 111311111152111111111111
witha. ⁷

Wedekindur 11 wernerus (1. 2211112
11111112) 1245, 468.

17101110111111011111111211111111121111.

2211111111111, 0111111 111 21121111 (2111)
(1216), 73, 84, 85. - 1111111 11111111
1222, 146) 1227, 226. - 111111 8111111,
21111111811111121111211111110111111
scriptor, Θ1111111111 21111, 6111111111
11111111222146-01111211111111111,
2111111111 1111111 1227, 220. ,

2111111111, 21. 211111111111 (77111111)
(1231), 270) 1241442.

211111, 111111 1. 1233, 308.

Welinchove 111 1111111111 1224, 177.

2111111111 (77111111), 12110111111.,
1111111.0111111211111 in 1111111112
111111 1. 20111111, 2111011112 1. 0111
1241311.

211111111111111111, 111. 2111111 1230, 250 ”

cunis in; 1248, 114 parrochia. -
11111111 2111111111 1. 1224, 177.
7111111111 1. Wilteman.
Wenekinctorpe 1. 2111111111.
wenrerrurgrs 1211, 448.
Wene, 11111111), 21111111 21111111. 1243,
434.
21111111111,111.,01. 211111 1230, 252.

21111111 (111 0111111), 21. 2111111111
(Wenekinctorpe) 1219, 101.

21111 (11110111 (11111 1111111111 1. 1237,

211ῗῗ13111, 11111011 1221, 137) 1223, 170)
1231279)1231,371;1211,4061111111
1. 21111) 1245, 462) 1246, 483 11111
111 0111111111.

1711111111. 20111111.

22111, &abt 1231, 277) 1237, 365.

21111, 2111111.) 111. 21111111 1231, 277.

21111, 01111 1. 1245, 459.

2211112101111101111,11111111111111.
1240, 334.

211111,211111111. 1223, 237) 1229, 244)
1230, 258. - 2111111111 1., 1111111111
1. &taut 211111 1. 11111, 01111111,
2111111 &tarr 1240, 394. - &in 1111111
1111111394.

221111111111111 in Colonia 1235, 338.

Wernherus miles 1240. 391.

wernerus miles 1243, 434.

21311111110111 0111111111 1. (1218),

231111 (771111) 1231, 351.

Werrepe (221111111112), 2111111111 (ἔτι
11111011, 0111111111, 1111111, 211111
1111, 0111111111, 2711111111, 01111 1111
011111) 2111111111, 311111111111111.
1244, 447.

2111111, 811. 2121111111 (1711111238,

22Ξ171ἳ11 (111211011111112) (1711111111),
11121111111211127. 11011111ᾱοὶ1111
1213, 43111249, 517.

· Werthinchove 1. 770111111071.

211111, 1111 1. 12212231 1231, 311.

7711111111 1. 21111112.

7710111111 clericus 1248, 121.

7711111111, 1111111111ιῦηῴ 1. 1. 2111111111.

7711111111 11111. 61111111.

211111 (wisera) 1248, 123, 524.

17111111111. 2211111011.

201111111101. 2111111111 1211114.

2111111111, 11111111 1. 1227, 226) 1247,
513.

20111111111111, 01. 2101111111 (11111111,
1711111) 1231, 219) 1231, 370) 1241,
483. - 1111111111, 11111111 1. 1244,
449.

20111111111111 1. 1. 0111111.

21111111111111, 21111 01111111111 1239,

2111111111111, (11111111 1. 1233, 300.

2111111111, 2111111111 1. 1234, 316. —-
1111111 1247, 494.

2111111111, 01111111 1. 1234, 316.

20111111111111111111111) 1221, 131) 11111.
ὓ11111.

 

