498 21011111-211111111111111.

21011111,1)01101110111,11110111211105,
1222, 145, 1227,231). - 4101111110 1230,
258, 1238, 371.

1111111111, 0101101101 8111111010 1227, 230.

11131111, 3011011011 1911111101 1227,

1111111111, 20110111180110111, 1110111011
0111111010 (01111. umen) 1210, 47 , 1227,
221, 1231, 279. -1100011111 1250, 576.

1110111111, 81110011, 1311111110 1250, 576.

2111111111,1)1111,1111191101111213,54,1222,
145.-11111111210,105.-1101,0111131219,
105 , 1231, 279. -111111011110 1301010111
1222, 145, 1223, 164, Ι1221, 230. -
1311111111 0. (5111101011 1222145.-

1111001111 11. 191110110. 11011101 1222,
145. - 11101101222, 145, 1227, 230,

1228, 237. - 81110111 0. 1111101111,

1222, 145. - 1111111, 0. 3101100111
1223, 164. - 01111111, 0. 1111110111
1227, 230, 1231, 279. - 91100110.
11101111 1227, 230, (1230, 2582). -
1111101111), 1011110111 0. 111011011111221,
230. - 1111011113 1227, 230. - 131111
11010 1230, 258. - 901100 1231, 279. -
1110111 1210, 552. - 1301111110 1. Deua:
01011, (21. 11001111, 1110111.

1111111111, 11111 300111, 1310111 1101111111
1210, 205, 1227, 230, 1238, 237, 01111.
1301111111. 1111110111 1250, 576. -
6311300111 magister Mardus, ma·
gister B. 1241, 406. 5801111111 1249, 532.
1111110010 1250, 576.

2111111111, &h 10110111, 1110111 9110011
1231, 380.

1111111111, 151. 21101111, 1110111 1301111110
(0. 1111110111) 1242, 422. - 30101111
1111111111, 1219, 105. 800111, 1001111111
1222, 145. 111111, 1230, 258, 1233,
317. - 11111111 9000111110 1213, 54. -
N. N„ 8010111111 1240, 551. - (2211113
1111111 81110111 1219, 105, 1231, 280,
30101111, 800011, 1110111, 21101118, 911οι
11111 1211, 103.

1110111111, 81. 31101111, 1110111 1301111110
1210, 105. - 1111111111 21111010 1250,
581. - 8010111111 1111101111, 1211, 406.

1111111111, 9101111 111011111111224, 189.

9111111111, 8110111101111 1200, 42, 1213, 55,
1220,204,205.-11011113000.21111111
01111204.

1111711111, 21110011111011011101 11181.
(31011 1218, 535.

1111111111,801101111111111, 1301101 1111110110
1211, 406.

93011111, 910100111111111111 1217, 495.

3111111111151101 1210, 105, 1223, 138,
1227, 230, 1230, 266, 1231, 279, 280,
1245, 462, 1250, 576. - 8100111111
&mother 1238, 371. - 1301111 1111
211111110111 1214, 60. 1301111 (civis)
Ecbertus (12311280, scabini, burgenses,
cives 1210, 480. - 11101111111111 21111111
1220, 150.

11101111110011111110. 120211. - 1111
mann 1225198, 1211, 406, 1240, 483.
- &tucher 1247, 497, 1219, 558.

1111111111,13111110.,1311011111101111 123111,
271,272, 318, 333. - 181111. 1901001110,
5001111111.

2101111111111, 8111111110, 13101110. 1210,
519.

111111011111111101111) b. 1212, 52.

11111111, 2111010110, 1311001001 &suget
1240, 389.

1111111111 (2101111111),111. 81111111,111111
1231, 361.

9111111111, 811119111010 (31111111) 1245,460.

Ν.

2100111, 111. 1131100110 (Non) 1210, 399,
1211, 403, 1213, 421, 431.

11111111 (Nym), 1811111101 b. 1220, 118,
1237, 364, 365. - 1111110111 1234, 315,
1237, 365, 1250, 570.

Netherlo, 8110011 0. 1241, 406.

Ν11111 1219, 105.

Netten 1225, 198.

911011111111, 111. 1131101111, 81111 (Heri-
siensis ecclesia) 1240, 395. — 2110111111
19111100. - 1111111111 3110111110. -
10111,οι1111 13111111. - 8001111111 211
1111010. - 8111500111 311010, 1111111111
- 1111111111 1111110110, 1101100010, 131110,
1111111010, 1110111118111010. - 801111
0111011 10111111) 1240, 395.

211111111011, 21111 810110 (Nienkerken
inDersborg(ecclesia)122121325 (1231),
270, 1243, 442, 1218, 476, 1247, 493.

911111101111, stt. 8111111011 (parrochia
Suetwynclo) (1211), 411.

 

