25115131111111-11111551111. 521

20115131111111] 1511115 1221195. 91111115
1213, 113. -111111111111111111 1299, 371
12111113.

25115151111111, 9111131111 1111111111 5.
2111151511 1299, 37, 1211, 481 12131
53. - mag. 1111111111 48, 53. - 81151511
1225, 195. - 91551113 5. 2111115511
1211, 143, 1211531, (1211, 559, 1211,
5913). - 1111511113 5. 8511511111 539,
(559, 5912). - 3511111113 5. 2111111111
539, 591. - 11511111591. - 8111115111
sacerdos 53.

281151511111111 5. 1. ῦ1111511111, 151111
11111.

111155111111511111, &ertum 1212, 51. -
(2811511151111111 2111111131.

1711115111111 miles 1226, 217.

willelmus fil. Dodini 1218, 95.

1711515151 fil. Clementis 1238, 377.

2111111111 1. 2111155151.

2811111, 3111515 5. 1211, 406.

25111111, 111. 5111111 (1111115111) (1229),
122.

2811111111111111111 5. 1213, 1391 1219,
4 .

wigman, 2911111111 (1227, 2323)) 1239,
111, 1211, 115.

281111111, 15111115 5. 12312591 1235,
351.

25111111111227,232, 51111. 1111111111.

1711155511, 351115 5. 1239, 257.

25111111 511 8115111, stt. 1111111111 1219,
105.

231111111111111, 11511115, &theut 5. 1232,
211, 1211, 353.

251111115111111 (5115111115 1226, 211.

2911111115, 2511111111 5. 1111115111, 21115151 5.
1211, 512.

23111111, 91.21111111511111(1111115111) 1217,
501.

2851115151 11 511ῦ511151. 5115111151111
(1111115511) 1211, 403.

2351111115 1111111111, 851111111115511111111
511 21111111, 2511111 5. 2115115111 1237,
3114.

2811111111 (91. 1351151119), 1111111111,
21151111 5. 1221, 185.
1111151 (1111111), 1111511119 5. 1221, 131. -

81155111215,1591 51111. 28151.
Witheige 1239, 258.

Witheme (2311511111, (1511) 5111111111511111
1211111.

1111511131, 21151115. 1213, 53.

Wiethove (1119115111111111111, 511. mun:
5111111) 1223, 113.

2811111115111, 91, 31.21111111111(Νον111
151111 115111) 1216, 478.

1151155111, 1151111111, 13111151. 21111111
1237, 362.

25111111115351111511311151 (castrum regis
Wedekindi) 213, 427.

251111 11115 5115111111 (111. 8111115115)
1233, 379, 1211, 133.

1715511111 1. 1111511991.

1111511151. 215511155111.

11111151 1. Vulpes. ⁵

111511, 1115115, 21115115) 1211, 43) 1227,
223.

2551151115111, 15111111 1111111111 11. 11111
1151 5. 1231, 269. (5111 1111111111) 1232,
290, 232. - 1111111) scriptor 5511151111
11 1211, 111.

28515111, 511. 1111111111 (1115115111) 1259,
581.

295151, 8511111111 5. 1219,197,-1111111151
1221, 136) 1221159, 1237, 358. -
1151111115. 1229, 239, 1233, 308. -
211111. Silva.

Woldebruge 1215511151ῠά.

115111111511, 1111515111 1. 111111) 5111111111
1. 2511111 1217, 77, 78.

23511111551111,1511111111 5. 1232, 292.

1151155111 1. 2511111111.

1115555111 511 1011191111 1217, 501.

2551111111, 111. 5111115155 (1115555115)
(1259), 5117.

wostenigne desertum 1. 2811111.

Wordinchove (Worth., Werth.), 5115555 5.
1228, 238) 1211, 452) 1245, 459.

2851115 1225, 200. - 2111111511 51111151 5.
1232, 299, 292. 8115511 1237, 353,
1215, 313. ’

Wornen 1. 2511111.

Wornholthe 1. 2151111511.

2551151111, 91. 11511 1217, 511,

1115155111 1218, 101.

1111111, 51511115 1216, 474.

Wresburdorpe (1231), 277, 280.

Wrondeberg 1. 11151151115111.

Wulfhardus miles 1221, 182.

 

