310110100-300101. ’ 479

30110100, 01. 8000030 (12231173.

Dyepeabrocke 1243, 434.

31011011 (1111101100, 1101110110), (10011011
3011101011 0. 1207, 29 , 1221, 130 , 1231,
269, 1233, 303, 1240, 396. - 9100011,
1001111οα113 3100011221, 130, 1233,
303, 1240, 396. - 00100000, 000100
310001 1233, 303 001013000000111011,
1247, 494.

31011011, 3011, 3011000001 1233, 303.

3101 (Theiz), 10101 01011010 0. 1224, 187.

3101000 (1110101100) (00011011) 31000010.
1223187, 1220, 217 3001111 1. 11100,
31001101 1. 301011. 30111. 911010οι
0011 000 1111101101, 3010101100.

310101 (Thinkhere), 000100 0. 1240,
474. -— (11100101), 1101000 0. 1243, 432.

31011010, 30111001 0. 1231, 279, 1235,
333, senior 1237, 357, 1238, 372,
1240, 391, 1242, 418, 419, 421, 1244,
449, 1240, 476, 477, 1247, 493. -
301000, 30111000 3010 1231, 269,
271. - 30111001, 30111000 3010
1231, 271.

31100, 01. 110011 1223, 166, villa 1225,
2001 1244, 454, parrochia 1246, 419,
par. 1249, 557. - 0100 1011001000
(Transrivum) 1244, 454.

311100, 01101010 0. 1215, 61, 1217, 86. -
0010111110. 1220193. - 01001010 0.
1246, 489. 30111. 3000.

Dodinethorpe 1. 3011110011.

11011000, Symonis filius 1218, 95.

3010011 (1101000110, 1101Ιο013), 30011011
18111010 0., mit 3010010 1201, 5. -
31011101 1243, 432, 1250, 577.

3010, 0011001111 0. 1220, 211, 1227, 232.

110100 1. 3010001100.

301100 1. 311ι,11010001100.

3000010000 (1110001000), 13011010 0.
mm

Dardenhagan, 30110000 1238, 380.

3010101111 1203, 18.

Dhorenapic 1232, 291.

30100110, 01. 3011000011 (1110100110)
ww

Dorheim 1. 301001.

1101000011, 1301111100 0. 1243, 432.

3010010001310101 3000110011 (110011
1209, 35.

11010101, 30101010 0. 1234, 323.

3011011100 (11001οο10) 1249, 543. -
0. 30110000 1. Tramonia.

30110000, 00110110001101101 1244, 445.

3001100, 01. 3011000100 (1000100001
1221176.

3001111001 (0011100000), (30100110001220,
217.

3000, 000 101, 0101101 1220, 212.

3100100101.31000(1010010001,000010 0.
mm-wmfflm
(Trantheym) 1250, 571.

3100001, 01. 30010113 (010001010010
mm

310010 0. 1. Ek.

310100, 01. 3011010 (1100100, 1110100)
1230, 374, (1250), 585. - 11010111 0.
(1150), 535.

3110100100, 01. 31011010 (de tribus
domibus). 30111. 330001, 3001101100.

30001000, 01. 30011οἰοι (11000010),
(10011011 1111010 Ι. 0. 1213, 55. -
1111010 ΙΙ, (3011010, 30101010 310001
1223165. - 3011010 0. 1243, 434,

12411525. - 30101010 0. 1241, 406,
mm

3101010100, 01. atae 1231, 269. -
1110010, 3011 0. 1227, 226.

3101310100000001111 0. 1227, 229.

310110 (dapifer 0. 31101101), 1110011 1223,
1wmfflfflmmffl
2100111. 310001, 1245, 462, 1250, 581.
- 30101010 1249, 052.

3101100 (dapiferi) 1. 311100, 1100010010,
300110,3011000011(ξ1010,3100101001),
30000101 (910000, 301, 0010), 911000.

3111110110, 01. 30011 (0100111010), 0000110
mm

Dudinchus (300010110001) 1240, 419.

Duilberg 1. 3010011.

301010011,01.310110(110110010011011204,
24, 1203, 38, 1225,193.

30100011 (1101101011) 1220, 208, (111100-
burg) 1233, 305.

30010101 &aa (lacus 1110001010) 1248,
526.

30000, 0101101 (0011000) 1223, 163.

3001111011, 0011011001100101 (1100100-
wfflm

Dunikthorpe 1250, 571.

300101, 11010101 1221, 137 0101111100 1.
310001.

 

