11111111-31111151. 507

1111111 0111111 lx. 1227, 2251 1222, 245-
247 5 1231-1241, 271-273, 275, 277,
232-234, 293, 296, 297, 306, 309, 324,
ffiffimmmffimm
393, 402, 406.

111111131111111 IV. 1243-1250, 442, 450,
461, 463, 434, 436-483, 492, 496, 499,
502, 507, 503, 510, 512, 521, 522, 527-
530, 542, 551, 553, 560, 565, 566, 583,
534.

>Eurum 1221, 214.

Parvus, Anselmus 1244, 448.

1111111511), 2111111115 1227, 230.

Ρ111111οη1 1. 1111111111.

2155111111, 91111. 11111111, 1240, 390) 1247,
513.

1111115111, 111. 2111111(Ρ16111111111) 1204,
23) 1241, 405 domus Gherhardi.

Pekenake, 2111511511 1204, 22.

1111111, 111. 5111115115 (Pennethe) 1221,
131.

Pepinchove (1111111111, 911111. 2111111114
1111111111), 135151111511 1111111111ῐῦ
1246, 472.

Perrinclo‚ 2111115 1111111111 1227, 226.

11111111 245, 247, 324, 325, 336, 337.

11111111, 21111 10115111111111 (Pedesdor'p)
1250, 591.

1111111111 511 11111111, 51111111) (5. 2111114
1111111)1212,12;122124111221229.

11111111, 91,, 31. 2111115111 1234, 319.

Piclo, ministerialis mulier in 1241, 406.

Picsithel 1. 111111.

Pil, 11111111 1246, 474.

Pilegrimus 1227, 2261 1244, 455.

Ρί111111 1. 3111111, 211111111111311511111,
1115115111, 1010115111.

PinkoniS, Lutberti 1111 1230251.

Pinguis, 1111111111 1244, 443.

1111111111, 05111111 (3111111111 5. 1227, 229.

Pistor, 81111111 (1250), 569.

Ρ111111.11111.

2111159111011511511111(2111111111)1223160.

2111121. 11111111 (511 1111111112) 1215, 61.

10511151, 91,, 91. 1111111151 1224,’139.

Pole 1228, 237.

hato, in 0151 511 11111111 1244, 444.

Pratum, apud juxta Rethe‚ ,2111111151
1111111111 1315115111 1115 3111151 1245,
462. - Wiske 1219, 1071101111111
to ther 1113151227,226.

2111111111, 2151 0111511111 5. 1216-1216,
73, 34, 35, 91, 92, 104.

ς1111111111, 111111 011111111111111111 1216, 93.

Proyt, 0111111111 1249, 559.

hove, 1111115 121612.

Puer 1. 9111 11115 1111111111.

Puppingstede, 511 11 21111101511 511
91111111 (1241), 411.

Ρ11111111111η11 1231, 217.

11111, 91. 1301151111 (Pitho) 1209, 35. ,

ὓ111111511111 (Quakenbrugge) 1235, 342)
1241, 501) 1243, 5361 1241, 564. -
&tiit 1. 2115511111.

1311115111,311111113111111(5111111243,
536.

ὓ1111151511, 5111101111 (1250), 567.

1111115111 (91. 3111111111), 01111115 5.
1241525.

8111111111, 31. 101151151111 (0111111111)
1231, 277. - 51111111 5. 1111115111
1211, 107.

01111111, ad 1222128.

1111111111, 1311111111 (3115115) 5. 1231,
269.

ὓ1111111111, 91. 1111111111 1243, 439.

ὓ11111111111,91., 91.1)111115,111111ξ1111111
1234, 322. - 9111111 (11111111 1225,
193.

8111151111, 1101111111 5. 1213, 1031
(1011111) 1226, 2111 1227, 226 01111115
1. 511511. - 01115115 1231, 273. -
21111111 1226, 211. -1111111111, 5111111,
011111511125151151233, 303. 211111.
2311115111.

11115511, 91. 1311111111 (Rothere 11111 Rat-
bere?) 1228, 234.

11115151, 11111111 1247, 504.

11115151, 11111111 1240, 395.

11111, 5111111 1244, 447.

1111111151, 1111111111 1. 1233, 308.

31111111, 1311111115 12311377.

111111 (5111111111), 0111115111 1247, 506.

51111151, 91,, 21111 ὓ15115111 1220, 127.
- 2151 2111111111 1221, 133. (9111152,
21151112) 1250, 537. - 1111111 51151
5115 1250537-2115111111111 1251536.

 

