1111111111 0111111111 1 1111.

mmm

Q 19. 3111121111111111111. 33 111 111 1111111111 1111111 3111 111
311111 111 311111 111 111111111111111 1111111 1111111. (31111111
111 1111 11111 111 1111111111 11, 111 11111111. 31111. 11111111
3111111111, 1111111111 111 2111111111 1,-111. 310, 343 u. 554.
Sd) 1111111111 11111, 111 111111 1111171111 1111111113111111111111111
111 Α1111111111111111111 11111; 1. 111111, RR. 703 u. 724.

Q 31, 11. 18111 1111 sarcinam 11111111111111. ’

Q 51, 11111. h 11111 11111111 11111111 11111111 111 311111 1111 31111111.

Q· 91, 311. 112. 1011 21111111 31111111 faut 1111119. 111111 1. Ν1111-
logium Visbeceense 111 3111111, Fontes lv, Q 497: V Idus Junii
Ludolfus epus. 111 11111 111111 1111 111 1111111111 11111111 Q. LVII
1111 1111 1111111111(-1218)111111111, 1111 1111111 11111 1111
3111111 3111111111 1111111111(19. 111110. 111111 1247) 11111111.

Q 103, 11111. 1301 6111111111 111 111111, 31, 1111111111 (1111111111
affl. 61 11 1358).

Q 104 11111111. 147 1111111111 11 1111111111, 111 111 3111171111 111111 111111
11111111 11111 111 111111131111111111 (111 13111111, 3111111
1111111111, Q 509) 1111 111 13111111 1311111111Μ11111111111 111
111111 11111.

Q 131111. 156, 11111. c: 1111111111(3111[.1)11111) 1111 5111111111.

Q 188, 111. 2161 1111111111 111 1111111 111 1311111111, 31. 3111111111.

Q 21211111. 2641 1111111111 Udo episcopus qui dedit 1111111111ηηί '

librum missale valentem duo talenta. 31111111, 1111111111, Q 497,
Necrologium Visbeccense.

Q 213, 111. 267 11111111 1217 ; 11111. 3111 11111. 32.

Q. 22311111. a: Mulenseten 11111131111111 111111111111 (1111111. lv,
Q 58). Haren 111 1111 1111 3111111111, 111) 11111111 111 11111111 =
1111111 13111 1111 1111111 111 (111111 Q 7, 322).

Q 22511 111. 279, 11111. 15 1111 1111111111 111111111111 1111 11111111
Dr. 11111111 11 11111111 2111111111 111 1111111111, 11111 111111.

 

