520 ⁸ 510500050-2511505500100.

1501100050, st. 1505005010 1248, 532.

2505005050 (0100500000) 5012500500505
1218, 102, 1231, 285, 1234, 316, 317 5
1250, 579. - 5101011οτ5. 102. 1501οῙ100

1105000, 2110500 50228150050103, Sala· ·

mannus 316.

28011005105001055000), 250000 0. 1212,
51, 52.

consternata. 55015000 310505051236,
349, 1245, 462. - (85015001 2110501105 5.
1240, 400, 1245-1210, (4682), 476,
485, 491, 506.

2501150101, 21005005 5. 1240, 395.

25011501( (curtis in Occidente), 111151.
(5100501, 1231, 277.

28051050οῑ0 10 5011005 1223, 162.

Westmattcnhem, 111151. 5000010105110.
2500011500( 1221, 137.

25011000, tlt. 5050050110, 501 2111500100
(Westorpe) (1231), 270, 1243, 442.

Wether (Aries), 50001000, Bouchaition
11110001 1230, 250, 1231, 281.

18050110). 210510.

1501100, 1102110110 1215, 61, 2100101 1226,
211.

1501100, 5011 5., 0101100110 l. 5000 (1216),
66. - 23001015 (1227), 233, 1236, 347. -
5010015 1242, 421.

wezelinus claudicans ἱ. &the 1202,10.

2515501510050111011,00. 100011 (1551010105
5100100) 1246, 485, 1250, 577.

01050106502101015 5. 1245, 460.

25105011, 25150006 i. 21005οτ 1243, 559.

25105015 1230, 265.

Wiohorn (violem), 21101000, 11101)οτ ,0
1213, 56. - 505015 a. 1244, 443.
Wiokerus, servus bct 2105111110 5. {perpe

50001 1218, 101.

Wichlo‚ 110005οτ5 5. 1231, 268.

Wichusen (1223), 173.

Wide 1. 25050 0. lVithe.

Widorpe ἱ. 251οτ115.

2555005155, &tuot 1201, areae 3, 4,
1212, 51, scabini 1213, 56, opidum
(1216), 68, 1225, villa 200, 202, opidum
1227, 226, scabini, civitas, 61051500οΙ
1231, 268, 1233, 300, 1236, 344, 345,
civitas, (5105150001 1238, 386, 1241,
410, civitas, areae 1249, 547, opidum,
opidani 1243, 555.

2505005001, 31050 1243, 424, &tiit 429,
parrochia 1244, 455, parrochia 1249,
547, parrochia 1250, 588. - (Scolon
14050005 1201, 3. - 5050012001οΙ
1201, 8. 60015011 (1213, 56), 1220,
243. 50005005 1241, 410. - 2101101
5010015, 1505001 h. &cett — 505100
21050006 1201, 3. 21005100055005005
1243, 424.

2505005053, &attitulat 00) 5012510101.
ad pratum.

2555005056, 00000) 0115005 1201, 8,
5010015 1227, 226. - 11101)οτ Βο11110110
1212, 51, judcx 1213, 56, scultetus
1223, 156. - scultetus 5050101 1241,
410. - 5105015101 (Βο0001101). 05011).
53101015 1231, 268. 5105000, &utin 505
80110010 1234, 315. (00151105 1241, 410,
1245, 458, 05001. (2110510151οτ 1250, 570.
2115001 1247, 490. 3050011 1250, 570.
·- 8550008050111201,8. - tiarati
(cives) Echertus Holde‚ hunoldus (lc
Bettinethorpe, Gisclbertus sutor, Wil-
hrsndus mercator, 'thegenhardus 1201,
8. (cives) 8115011, 5115051005 1212,
51. 80001Ηο100.

251050055525150005. (1201), 4. 2001010
5., 2501510013 l. 5000, 5010015, 500.
arona. 2010010 1500 05500 1201, 8. -
25001010 1237, 364, 365. - 505005
1212, 52, 5010115 l. &ohta 000005 t.
050100000502001105 ). 21011500, ou:
5005 l. 11050 1234, 315 00101. Amilins.
- 1100000115 1223, 157, 1249, 547.-
iterat. 5000010.

1110011000(11100051110501500, tir. Danu:
5011012) (1223), 173.

2510010015οη, su. aa 1101050101 (11000110
sancto 110110) 1246, 478.

Wikede, peter 5. 1243, 432.

Wilbrandus 111. Aleydis 1238, 377.

Wilhrandus mercator 1201, 8.

Wilhurgis, molendinum 1243, 427.

Wilckenbrook, sylva 1250, 573.

1511505505οι1, 2110001150011111 1203 fi. 36,
37,48, 141, 168, 194, 195, 266, 278,
MQQQQQQQ
591.

2505055055, propit 5115010005 1210,
109, † 1230, 266. N. N. 1230, 266. -
1505001 (2105050 1209, 37, 1213, 53.

 

