510 31111-81511.

111111, (1111111111, 1111111111
(8111111 1. &a 01111115 1231, 277.
¹ 81111111 1. 81. 2111111 11 2112111111

1243, 442.

11111110 1. &a 2111111012 1250, 583.

1111111111 1. 1. 12 11111111 1250, 583.

111191 1. &a (811111 1250, 583.

- - 5111111111

3111111118 1. &a 11119111 1231, 277.

31111111 1. 8121119111 1243, 442; 1250,
483.

ὓ1111111 1. &a 81191113112111111111
1231, 277.

9111111 1. 8121111111 11 0131111111
1231, 211.

09111111 1. &a (1181112 1111 5111111111
1231, 211) 1213, 442.

11111118 1. abt. 011119 ad velum aureum
1231, 237. 211191. 11111111 81911111.
{ato 11. &a 3111111118 in 11111111 Tul·

liano 1243, 442. 211191. 111119191111.
1111111113 1. &a 9111111113 1. 1. Τ.
1250, 583. .
2111111111 1. &a 0111111113 1250, 583.

- 61111111191111 1111 91911111
011111112111011111201-1203,6,9,17.
11111111. {Eorta 1224-1227, 188,190,

207-209, 230, 1223 1, 245.
{ato 1. &a 3111111115 in carcere
1011111230, 259-261, 264, 266
1. 11111.
11111118 (8111111110) 1. 81101119 ad
velum aureum 1248, 520, 528 1. 11111.
- 81111115111811111119111 mag. Martinus
1231, 277. - 1111111111 1243,
442. - Marinus 1250, 583.
- 81111111111111. 1. 0111111811111111,
Lirinus de3 - Ferentino, Roffredus
de3 - Arnoldus.

9111111111 (Vallis Rosarum) Ῑ. 2111151191
1111 21111111.

1111911111 (da Telget‘?) 1243, 434.

Rothen 1221, 211.

11111111 (31111113) 1228, 234.

11111111113111. 9111119111111111. 91111119
11111111.

1111111111 1221,131.

31111111 (1111111119) 1204, 23. - 2211111111,
21111111 911 (1183), 23.

1111111111 (0111111911), 9111 1. 1220, 208.

Bubus 111. Marie 1111111.

Ruce, 1111111111 2111111111 1218102, 4221,
213) 1234, 3111 1241412.

9111111119, 81111111, 8111991111.,ξ111ι
1111111221244. 211191. (3111111119.

0111111 (113 (0111118111) 1201, 8.

31111111, clavier 1. 1111911111.

Russus, &egfrieb 1201, 8.

3111111 (Rura) 1243, 432.

31111111 (111111),111. (1211111111) 1233, 353.

Rura 1211, 403.

3111111, 111. 0111111111 1223, 173, 1233,
304, 1234, 322) (parrochia) 1240, 39οῑ
1244, 456, 457 7 (parrochia) 1247, 513.

9111111, 9111111 1247-1250, 513, 520, 531,
557, 558, 571, 5901 11191. 111111.

911111, 21111111 011311, 1111111 113 9111113
1111111 1. 2111111911 1249, 558.

9111111, 91111111111101111111 11, 3111111111
1111111111 1. 1247, 513.

3111111, domus Ezeken, domus Siberti
1233, 304. 81191. 8111111111 1111
1111111111.

9111111111, 1111111111) 1. 1225, 1961 1230,
250 91111111 1. 21111111.

31119111011111111111) 1. 1223, 156.

Runkel, &egftieb 1229, 244.

311111119111111. 2111111111 (Rupenloh) 1221,
137) 1231, 277.

3111111111), 21111 8111111 (1231), 2701
1233, 3121 1243, 442, 1241, 4101 1211,
493 domus Johannis3 1247, 494.

Ruskenvorde Ῑ. 3111111111.

91111111, (1111111113) 1. 12231671 1111111111
1234-1231, 312, 313, 342, 3511 1243,
435. - 9111111) 312, 313, 351. - 211191.
1111111111, 5211111111.

9111111111, 1111111111 1., 1111111918 1. &aaa
(1220), 122) 1227, 223. - 2111111111
1234, 312, 313.

Rutcherus 1207, 29.

Rutcherus 1244, 448.

Ruten, Lefhardus filius 1248, 525.

1110111111 111 812111, 81.2111111111111
1244, 4551 1249, 545.

1111111119 f. 31111111.

&uarie (Saxo), 01111111, 1111 [- (1111
(28111111 112 01111111 aaran 1202,
31) 1221, 12111 1222-1223,1441 1223,

 

