486 6216262-61162662161.

6216261, 91. 1166616 1243, 432.

62166626, 31. 8612661611 1246, 482,
1211, 601.

Herebertus miles 1221, 130.

11212116616166 1260, 673.

62162112 (Η2111113, Hirrike) 6. 6 31661,
31. 66626 1. 16, 61111 1244, 466,
1249, 646. - 2126111116 Hathewigis
466, 646. - 6111166211 16661616 466.

6211616, 61111 (1233), 298, 1246, 466,
1241, 602. - 1126111116 366 298, (1233),
311.

6211616, 61661 1224, 187, 1226, 211,
1211, 466.

6211616 6. 1. 6666611111, 5661116211.

6211666611 (Heringthorpe), 31. 1112112,
1112621 gu 1223, 169.

nemen, 11016211 6. 1244, 446. -
621162 6. 1246, 474.

Heringerus 1223, 160.

Herisiensis 22212313 1. 9120266266.

62161666 1. 118666101661661611612.

62161666 (Η. liber) 1229, 244.

62116666 (miles) 1230, 267.

62161666 1246, 396.

6211661111 advocatus 1246, 474.

Η2112, 6112111111 6. 1243, 432.

Hemodorpe 1. 62111116.

62161216, 9161 (8661616) 6. 1221, 222.

Η6162212-Η311111116116326166162666126.

Η3112116166 1240, 389.

Η21162 1. 612161.

8211116, 10611216. 1241, 406. (6. 622162.

Hertlage 1. 66111662.

62116166, 91. 6211266166 (Hermen),
66216616 6. 1233, 312.

6211261611, 31, 111. 161161661611 1208, 32,
1266, 39, 40, 1216, 46, 1212,62,1213,
66, 1211, 16, 62, 1216, 161, 1221,
136, 1222, 116, 1223162, 1224, 166,
1221, 232, 1226213, 1236, 266, 1214,
446, 1216, 463, 1216, 611, 1266, 662,
683.

621,161611,9126111116 N. N. († 1269), 40. -
112611116. 1116266616, 1111621 16 11611661
1209, 39, 40. — 616116 1212, 62, 1213,
66,1218,101, 1221, 130, 1223, 162,
1221, 166, 1221, 232, 1226, 213, 1236,
266. - 1116216 1244, 448, 1246, 489. -
1166161166 1248, 617. - 11116116 621266,
36112116 36626666 1248, 611.

6216261611, 11161121 9111211116 1261, 8. -
(116211 66, 101, 130, 180, 232. -
111662, 81121121 130. - 01216616,
1111121121 232. -86126610621 (conversi)
16121116, 666 10121116) 130, 16111116
266. - 9161621 1230, 266. - dis·
pensator, procurator, clavier 621 4111:
111161, 3166611 66, 101, 130, 180, 232,
266. - 8666616621 66216616 232,
procurator 243. - 6111216116 621 1126
111116, 1111116 448. - officiales 6116211,
1161661166 617.

6211261611116616616216 66. - 616111
266 (6616 61216161) 1. 016211.

6216261611, 82666661 1218, 101.

6216261611, 62161116 6. 1227, 226, 1236,
266.

Η2612111163 1234, 316.

621262, stt. 11126626 1238, 370.

621262, 3182112661611 1243, 441 domus
Johannis.

Hesne 1. 6221126.

621121, 31. 8612661611, 111161. 16611166
1626621626 (Η2312) 1236, 333 domus.
62112112, 91. 8166211 (1123121116) 1223,

164.

62112121, 111. 11211661 (11131612) 2111166213),
116111, 1223, 161, 1223, 236, 1231,
274, 216, 217.

Hesterwede 1. 6112662626.

6211166111. 1126162161 (Η2162116162)1212,
49.

Hetelo 1. 621121.

Bothe, 8611116611, 62116666, 1166166 6.
1216,]61. - 6611116611 1223, 166. -
3166611(11611) 1241, 408, 1246, 479,
1248, 614.

Η211163 1226, 198.

Hethusen (6616666111 621 0166621121223)
1247, 504, 505.

62111662 (Hethlage) 1240, 399.

Hewen, 1162111216. 1230, 267.

Η1211212 1. 31121.

Hyddenburch 1234, 314.

616626666126,111. 6211616 (1233), 298.

Hildebolt (1200), 1.

6116266216, 18111661 3166166 6, 1224, 188,
1221, 266, 1236, 262, 1233, 306. -
1366616611 1101161666, 6661661666
366166, 6616121621 1166211, 10661
621126 1111162116, 36666626 1216, 109.

 

