476 Broke-Buselen.

Broke 1. 1113133333.

Broke (2133151 bei 2111112), 11335333 3.
1213, 61.

Β13113, Woltherus de 12135303.

Brokhove 1. Brochove.

11131331, stt. 11133531, (Β133113111) 1213,
439, 1216, 477.

1133333333, 93151. 5131131311 (1113113)
1221, 130, 1223, 152.

Β13111333131. 1133313313.

1833311333, stt. ὓ23331311, bet 83113
(Brumestorpe), 53331333 3. 1230, 253,
256, (1232), 289, 1231922, 1213185,
1211, 191, 536.

5333153111, 63315133 3., 0111313111 1235,

5333133111(Β1311133313) 531 3533333331
1231, 511.

21131131, 3312131393(Β13313311311) 1230,
255.

5135533113, 6321523133, 6133115311 3.
1237, 364, 365, 1210, 394. - 5313115,
(55311131353 bet 6311533323 3. 6366:
531, 1233, 303, 1217, 494.

Bruchove, 2111131τὶ5 3. 1215, 470, 1216,
476. 233395Β13311313.

213333, 231311 1213, 439.

Brunstenus 1209, 37.

Brutterbeke 1. 5331533531.

Rachle, 1535213231 3. 1213, 434.

21311 (Β33,Η11333,11333), 2335331 1227,
226, (1232), 289. - 5213315 1237,
359. - 2113331216179, 1217, 500
3312133321. - 2831131 1217, 500.

213332, 52131333 1. 1209, 91. - 01333
115311(533313333 Ι. 23532) 1220, 121,
1221, 187, 1225-1228, 198, 231, 223,
210, 1230-1232, 255, 256, 267, 269,
288, 1231, 322 53131115 1. 1133331, 1235,
332, 5333333, 53311115 1. 2133311351.

, - 53331333 Π, (3331153113 1131321

1225, 198, 201, 1226, 216, 1235, 313,

1237, 355. - 1331. 1. 13353, 311133

5133 ,3 63. 1135333 13 Σ). 1235, 343.

- 11313315, 0133153113 1113323 1225,

198, 1222, 229, 1233, 255, 256, 1231,

269, 1235, 332, 1236, 351, 1237, 355,

† 1212, 423. - ὓ33,1,31331153281333,

11135313,211535511333331513235123

1212, 123. - 23315313 1210, 400, 1212,

420, 1216-1218, 476, 197, 531. -

[Qubbe] 5133333 111. (333 3112111217,
536, (1213, 516), (1253), 569. -
233333 1217, 506, 1255, 577. -
33533333 1250, 577. - N. N. 1219,

035133, 2133 6133333533, (Buten) (1205),

25, 1207, 29.

Bugge, 51115335 3. 1213132.

313113131313135. 0

Β311213, 101.

Β3133, 1113113311 31221, 136.

11331, stt. 1112113 (Bure) 1209, 35.

111331 (Β313), 1135333 3. 1223169, 1227,
301, 1210, 389, 1217, 500. - 11311.
1333331311, 3133115211.

Bugnede, Bunete 1. 183331.

213332, 33.531333(Β3133113, 11315113
11311313) 1222, 144,1221, 178, (1233),
298. - 11131133 ,3, {notger 1221,
178.

213331 (8113313), 5313315 3. 1211, 185.

Bunn6 (11133333 obet 3133322), 2333113.
1221, 185, 1235, 928. - 183333.
1212, 421.

Bunne (213333) 1. 3532131331, 3353331333
6313311333.

83113,Β3113,211533 3. 9911133 1223, 151,
151, 166, 1221, 183, 1226, 211.

Β313133113, 25315333 3. (1353351333
2133933) 1217, 77 (78 3. 3. 011133
13333), 1218, 93, 1223, 167. 11311.
(51133333.

Burchorst 1. 2133953311.

11335333(Β3135311135)1235, 328. 21311.
031331.

1131312133.

Buten 1. 1135133 333 3312113333.

Β31311,123133115 3. (1200), 1.

111333, (13315131 21335313 3. 1237, 361,
3651213891.

Burgelen, 1115111353. 1229, 244.

Burglo 1. 11331131).

5339131333, castrum , 1211, 406. -
(3331521323, 3353331123633332333 1.
23131331.

21311393, 0111313231 3. 1227, 224.

1131152, 63315333 3. 1221, 183, 211333
333 (53135313 3. 1230, 250, 211333
333 (53335313 3., 1113333 1231, 281. -
(11215333 3. 1235, 331.

Buselen, 11353113 3. 1213137.

 

