6161-111111661. 491

115111, 6166116616 216111 1203,15, 1205,
26,1213, 36, 1 1231, 269. - 2116111
1206, 28. - 6116616611 (1216), 68,
1211, 66, 92, 1216, 94, 1226, 119,
1221135146, 1224,164,161,11226,
266, 1221, 261, 1261, 266, 1236, 369,
1245, 461. - 6116116 1221, 231 , 1226,
245, 1232, 1266, 266, 296, 366, 1263,
331, 345, 1261, 364 , 1 1246, 432. -
11111166 1239, 383, 1240, 398, 1243-
1250, 432, 450, 460, 488, 5112, 511,
wmffimffim—Q
6116611. 216161 Peregrinus (1233), 298.

v 116111,666116616611161111,61611616166611
1224, 184, 1227, 231. - 2111166161
(66616611 1. 2116616) 66111116 1237,
364. - 2116116611 (1. 2111161) (81611111
1. 61611 1226231, 3116111111 1227, 231,
816611 (1233), 298 , 3161116616 1248, 519 ,
16161. 616 2111161. - 666111 11161161
1227, 231. - 9561166161 2611161111
(1233), 298, 16161. Β661161111. - 61611
66161. 416116111611 11116 8616666116.

116111, 6611611611 86116611 1239, 383.

111111, 6111111111 9111166 1. 6661166111
1227, 231, 1229, 245- 9111166 1239,
363, 1216, 392. ”

116111, 6616666611 (3111166) 1266, 28. -
61666111 1261, 363, 1246, 392, 1216,
519, - 6666666111 2116611 1227, 231,
1239, 383.

96111, 611161161161 minet 1213, 59. -
N. 11. 12313661. 1266, 316.

36111, 6616111161 11111111 1. 1116116616
1225, 198, 1247, 495, 1248, 519.

111111, 1611111611 mag. 81661111121111611
1248, 519. - 11111 1. 2811161611, 1246,
524. - 6161111166 1. 2111131616 1249,
556, 562.

26111, 61. 21611661, 6111166611 6116616611
1222, 144. - 1. 1262, 291.

116111, 61. 2111116111, 1611111 61611616 1227,
231. - 56666111 N. N. 1227, 231.

116111, 61. 61616111, 11611111 (21111116) 1229,
245, 1233, 309,1239,383.- 661161161
1,. 1266, 26.

116111, 61. 616616,11111111116111116, 666661
21111116 1227, 231.

116111, 61. 1111116611, 61111 1247, 511. -
11111111 2111161 1227, 231. - 811661
1248, 519, 524,

96111, 211611666166611, 16666111 hupertus
1227, 231.-11611111 6161116, 6611161161
21. 1239, 383. - 6111136611 mag. 18611
16611 notarius 1248, 519. -61111161111,
916166 1249, 556.

96111, 61. 6661616611, 2161 (1161111161)
1227, 231. 1

95111, 61. 66161111, 1111111 66111116 ,1.
6611616616 1227, 231, (1233), 298,
1261, 364, 1236, 363, 1246, 394, 1246,
524.

616111, 61. 11111116 (sanctarum virginum),
9111161 9611166, 611113661161 21111116,
6111111166 1235, 338.

96111, 61. 2116116162161611, 1111, 11166161
1263, 336.

111111,616111211,66, 1226, 266, (1265),
343, 1236, 378, 1246, 398, 1243, 519,
1249, 556, 1256, 519.

9611166, 66611661
11111111 1261, 6.

6111 1v. 1261, 6, 9, 1262, 12, 1266,
26121651.

61166116 II. 1215, 62, (1216), 65,
1216-1221, 1611116, 126136, 1226,
161), 164, 165, 1225-1232, 193, 198,
211, 213, 226, 244, 265, 269, 211,
212, 213, 288, 290-292, 294, 1234,
324, 1235, 341, 1237, 363, 1236,
664, 1246, 696, 1241, 406, 436,
1244, 456.

6616116116) 1222, 148, 1226181,
169, 1225, 266, 1236, 251, 1232,
288, 294, 295, 1234, 319, 329, 321,
1235, 835.

916166 IV. 1243, 431).

66111116 9161116 1246, 484, 1247, 492.

2611661111.1161161161247,511,1248,540.

3611111111 (96611111), 9126616116111 (cu-
thincdhorpe, 11111116611222, 146, 1231,
211, 1237, 360.

26111111, 1 21111616 1., 666. 6616111616,
(96111 (1111663611) 1. &tuus 21111162,
6116616611 1. 661116 1222, 146.

9161666111, 211111 (111116116116 (cropen-
thorpe) parrochia 1205, 25. 916161.
Cropendorpe.

9166661166 59, 61, 14. 216161. 6166111661,
1161661611.

9161661111 (6111111611), 28611166 (11111161) 1.
1231, 363.

 

