Call-Correo. 477

C. 11191. K.

Calf, 28111111 1202, 11.

fflwmm

callentium, 11111111 o. 1244, 452,
1245, 459. - J ordaris 1. 1245, 460. -
11111111, 21111111 9121111111 1245,
459.

camene (. 911111.

0111111111(ὓ11111.),(11111111207,29.-
11911111 1211111213, 31 ,1222-1221,
144, 153,154,185 1111111111 12111111,
1230, 248, 249, 1233, 329, 1237, 367,
nauem.

Camerarius 11191. Helmeric 1111 9111,
9111111111, 2111111119,1911113111(11.

Carne, Corradus 1247, 493.

Cautemerle‚ Gerhardus clericus 1231, 269.

1111111, 9111111 111 1111111111 1247, 490.

11111111, 21111 1111111119 1208, 32,
1211, 40, 1213, 53, 121130. -
Coelan ,1111111111 1217, 90.

0191111(211(1111111111111171111191111.

9111111 (181(1111111111), 11111111. 1209,
38, (1210), 71, 1220 dircgravius 128,
1227, 226, 1231, 269, 1242, 420,
1246-1248, 11111111 l. 15111 476,
485, 497, 531. 1111191. 1711111111, ‘Cora
1111.

1111111119, 11111111 1215, 62, 1218, 94,
1220, 120, 1240, 394. -1111111 11191
1241394. - 9111111 81111111 1210,

01111111. (lutum.

orarem, 13111 1. 1121131,

ortua 1111181111(οω111) 1250, 591.

0111111Η9111.

Circo, 1111111111 1223, 165.

91111119, 91111111111111, 9111111201 11,
smuuummmffle
mfflmmmmmm
258, 275, 276, 277, 279, 280, 305, 329,
summmmfflffim

91111119, 11111111, guerrico 1200-1217,
151111111-
1119111217-1133, 91, 1421, 113154,
mfflmffimmmw
305. - 1111111111 1235-1246, 328,
mffimm

(11111119, 111111 21111111 1201, 5. -
Rederus 1210, 46. - Ν. Ν. 1217, 84,
85. - 811111 1223, 236, 1233, 305. -

[91111119] 151111111911111 1228, 236,
1231, 253 , 1233, 315, 1137, 353.

111111119911111 11111111 1201, 5, 1209,
46 31111. - (1191111 12211236, 1230,
258, 1233, 305, 1235, 329, 1237, 359.

11111119, 9113111111, liudgerus, 21111111
11811111111111111111201,5.-1319111
1223, 236. - 11111111 12211236. -
11111111 1230, 258 , 1235, 329. - 211111
1233, 305, sacerdos 1237, 318, 319. -
11111111 1233, 305. - 01191111 1240,
395. - 1111111249395. - ualens
bruher 1111111 1231358.

(11111119, 1119111 1241, 406.

11111111, 0111111111. 1221226, 1243,
552.

0111111(11111911 z (91111111), 91111111 Ῑ.
1119111111.

Claviger; 11191. Corradus, 1119111111,
Ceritol 9111111119.

Clericus 1. liuor.

1111118111 1171111111 o. 1245, 462.

Clipeator‚ 01111111 1216, 12.

Cliver 1218, 101.

Clot, 21111111, (1111111 1227, 226.

0111111111111191,011111111111’ρ1911111111.

Cobuchem 1. Codrum.

Cocus Woltherus 1230, 248, 249.

Codehide 1227, 228.

014111111ιὶ. 9111111111.

11131111, &tuot 1243, 480.

(11121111, 1211111 o. 1213, 54.

Colevac‚ 91111111 1221, 1421.

0111111191 (errrore) 1243, 473.

Calvo, 1111111111, 11111111 1246, 474.

Corradus scriptor, rotarius 1, 911111,
11111111. (1111111111.

Corradus, 1111111 (1111111111 1611112
11193) 1245, 460.

Corradus miles 1213, 53, 1252186.

Corradus claviger (15111111 11 2111112)
1213, 477.

(11111 (011111191111111 1. 1241, 406.

9111111111, &bordeto 1247, 494.

1111111111111217, 91 , 1225, 199.

Correol 2111 11111111 (111111) 1225,
1311211, 1227, 222, 1231, 257, 1231,
371, 379, 1247, 501, 509, 1250, 575. -
1111911 6111911 1247, 501. - 11111111
81111111 1230, 257. - 211111 c. (1216),
13. - urolt 7111111 1247, 501.

 

