Qenobttd. 50¹

mensores„ 211151) 5111115111 Ι. 551111
5111 gum 51111111 211111 1239-
1250, 382, 383-390, 396, 398,
402, 403, 405, 406, 408, 410,
412-414, 416, 421-496, 429,
431-433, 435, 437-440, 444-447,
450, 454, 455, 458, 460, 461, 464,
466, 477, 479, 489-484, 486, 490,
495, 498-500, 504, 505, 509, 511,
519, 514-516, 519, 521, 593 594,
526-528, 530, 535, 538, 539, 54],
Qfflffimffimm
564, 565, 568, 570-572, 578, 580,
588, 589, 599, 593.

- 11111111) 1. 511111 (1401), 100.
Demetrio( 8111111851) (palatium epi·
sconelo, aule episcopi) (1220), 123)
1223, 167) 1241, ees.

mensores! 51115111. 51511111 2111111111) 1201,
8. - 2111111111 1219, 108. - 1111151113
1211,103,110.-3151)111223233.-
Hermannns sacerdos 1250, 570. -
1115111113 1250, 570. - 51111115 i.
2111111110, 21111151.

9311511111, 51115511. 2111111 0111115111 1217,
86) 1219, 110) 1220, 118. - 11111115
(11111111,1ο111111)(1220), 118) 1222,
150) 1223, 152- 1111111115, 0111111
unt 51115111. 5111111511 1233, 367, 368)
1239, 381) esttenete 5. &t 1111111111
torol. ὓ311151011, &t 31511111. -

51111111) 1241, 405, 408. - 2115111·

1243, 425) 1241, 559.

9311511111, 51115511. 5111111111 511 511
4111111 21111111 1247, 502) 1248, 528.

θ3111511111, ministeriales et cives 1226,
206, 208) ministeriales et consiliarii
1226, 210. 211111. ministeriales.
9311511111, 51115511. 181111 i. Theodericus
Monachus 1111 81111111, 811, 5111.
1131151011, 51155515115151111 i. 55111111
bort.

931115101551115511.1111111111). Camerina.
9311511111, 11151111, 911111181111111111
1203, 91) 1204, 93) (1207), 30, 31)
1210, 47) 1217, 77, 73, 79, 87, 89)
1218, 93, 97, 99, 101) (1220), 122)
4221, 132, 134) 1222, 144) 1223171-
173) 1224, 132) 1226, 206, 210) 1227,
231) 1223, 234) 1221, 247) 1230, 251,
259, 260, 264) 1232, 290, 291, 293,

1131151111, 1015111191151, 1011115113]
294, 296) 1235, 330, 331) 1233, 350)
1211356) 1242, 413, 416, 417) 1245,
460) 1241, 472) 1247, 513) 1246, 541
0151111111.

θ3111511111, 21111111111111511151511511
1237, 356) 1246, 472 Pepinohove.

Dormientis 1011111111 (1111111111111111)
(1216), 71) 1243, 466.

1311151111, iiiam (limina sancti Petri)
1229, 183. 515111115611511115) 1213
(1401), 100) 1242, 413. - 0111111113
unt nossessiossooienenaitur 1242,
417)1243426)1249,547.-111111111111,
theloneum cimiterii, cista in sacrario
ad privilegia reservanda 413.

1131151111, 1111115111 1203, 39.

ὓ3111511111,110511113111111)11(111111111111111)
1230, 251.

Derrohrsrol 111111111118111111115 (1133),
23) 1203-1207, 16, 17, 21, 22, 99-31.
- 51111111) 1209-1213, 35, 39, 40-53.
- mtto 1215-1223, 61, 77, 79, 33,
190121, 197, 123, 139, 134, 135, 141,
144, 155, 166, 167. - 5111115111 5.
51115115 1223, 170-172, 174, 175. -
51111111) 1224-1223, 177, 196, 197,
216. - 1111151111 5. 51111 1227-1238,
920, 234-236, 237, 251, 258, 279, 987,
300, 301, 317, 328, 330, 342, 356, 369,
374, 375. - 11111111 o. 5111151111 1242-
1250, 419, 416, 417, 422, 496, 438, 439,
446, 447, 479, 479, 481, 495, 505, 514,
fflffiffimffimffim
565, 566, 569, 571, 579, 592, 593.

9311151111, 5110115111 11111111) 1203-
1205, 16, 17, 21, 29, 29. - 51111115
1207, 1203, 30, 31. - 01115115 1209-
1218, 39, 61, 71, 77-79, 93, 101. -
23115111 1220-1232 (341), 120, 122,
127, 128132, 134, 135,144,155,166,
169, 171, 172, 174-177, 183,196,197,
mmmmmmfflm
276, 287, (3142). - &leofrico (1234),

’ (3141))1211,323-311,342.-ξ)11)11111
1237-1250 5., 356, 369, 369, 374,
375, 378, 389, 416, 417, 495, 496, 438,
mffiffifflfflmmffi
QOQmfflffiffi
mmffimfflffifflm
588, 593.

 

