8011105011-8111111. 517

8011105511 (1515010051) 12411409.
7010105), 1110511 11111100 5. 12351328.
Valle 1. 1801110.

Vallis Rosarum, 9101101501 1. 1111041011
1015 11511111.

751005011112201 124.

Varencampe, 2101050151 11110511 5. 12221
1441 12231 1711 122712181 12341314.
- 111111. 53005151115005111.

7010010110 1. 805151.

8010501111 50115015 5. 12071291 12161
691 12171 771781861901 1220-12301
1281 1341 1441 1551 1671169117111851
1961 1971 2091 2161 2181 23412501
1235-12431 3421 3511 3541 37413751
38914231438. - (81150151 1501150150
5550122612161 123112711 123413141
12411 4081 12421 4231 124314371 4381
12451 4671 12491 557.

110110111107010001101,11015005.12211136.

11011011 (2751) 13105115. (12171192. -
(1111510032) 1124114111. - (81501106)
12491563.

1110510 (700110171011101 (121611651 12211
1321 122411871 122612111 123112711
123013701 3721 12421 4211 124514771
12411493.

8115101 (510110 5. 1. 9100035111. -
11101111 1111011111 123112711 12371357.
1111111111 5110000 12461 4771 12471493.
- 51011 305000 12461 477 51111.
51051055111151011. 511011512471 4931
494. - 5111111111 (clavier), 1100105 12401
477.

81151015. 5. 12421419.

811510 (1810511211 8115111 5. (550051.
1151101123112811 12371 3621 12391
3841 124114061 124214231 124314371
4331 124414421 124514571 124614791
481. 5311051. 5105011510 1242-1245.
- 81111, 55105111115005111.

11155 (111. 11111105151111 11511000 5. 12191
1101 1221-12231 1411 15011601 12301
2501 12151 3511· 1243-12451 4261 4451
467.

11115111 1151111111 51101105 51 1110511
1111111015 1100105 12301 250125212621
1231126111 12331303 sororius 511 &belz
1111100 5. 55155111 12331 3741 3751
12391 3801 381. - 51105151511011155
11111511 2501 2521 2621 3741 3751 381.

8111110 (111. 1101100111 55115015 5. 12311
2681 12341315 51111. 511115.

7011111100 mansus et piscina 12451469. -
81111. 11115503.

701110 (1111100001 1212152.

7011001011 12411 406.

1111011111. 18511011 12401388.

11115101 2111111511 (310) 12261208. (805111
12331 306. - 500150101111 12191 109.
11111511 51101551 (1051011 510 18115019
5109.

1111000151 111. 50111 (7011001101 12231
1601 12511 277.

1111111151 1101 1111510 (70010110) ecclesia
12031321 12091 40.

8551150111 2715015 (12131 53211 12291
2421 12401536.

81151101 80051111 51100001 5511111051
1115511 5. 12331305.

Vilenrerincdorp 12311277.

vindincmolen 10 5115100515111151050

, 11150011124314381 124414461 12431
541.

vinitor, Alardus, Dssnubt. 11111111 12481
518.

vinitor, Hemezo, 520051. 11111111 12431
518 51111. Ηο111020.

8111111 51101115 12231 1711 12241 1781
12251137.

2112511111 1111001051 500051. 1151111
12461479.

816111 805000 5. 12161 721 12171 77
11111015 1. 1110511. - (811501512271
2231 12331303. - 5105011 12341326.
- 111005 12491559.

21111011 2111111110 (curtis 7100100) 511
51015511 12311277.

51. 11111 111. 281151115τί01 (parrochia)
12121 511 12131 5611223115811101111
11151515 5.

11111150 12091451 12361348.

1511101501151101105 5. 124314321 12431
524. - 51111115 432.

7110150, 1011001100, 1111511110505 12311
273. - 81111. 5100515111 5005111.
1111151101 (81110111 512151 61. - Μ. 12321

293. - 01115015 12471497.

8111111511 1105000 12501587.

8111111151101115 5. 124614851 12501577
050105 1. 2110511. - 51100005 50501
51100110 12461488.

 

